4.274587110899695785e-01
4.274587033810763326e-01
4.274586593379017252e-01
4.274585249052643698e-01
4.274582437642037158e-01
4.274574514625164579e-01
4.274555429888796110e-01
4.274485346288042775e-01
4.274275564244372494e-01
4.273762797315923678e-01
4.271339432316497153e-01
4.270688811711249588e-01
4.267102612040925003e-01
4.261457370793176880e-01
4.250888805551337746e-01
4.238400182315623654e-01
4.200259858297583082e-01
4.154037683786217516e-01
4.124543952712284578e-01
3.919713218070006722e-01
3.611733555738128043e-01
3.299415562560609194e-01
3.075222554567017541e-01
2.598936285884259068e-01
2.039368611746531501e-01
1.081263810825719984e-01
5.366042002908121000e-02
3.423792042486906162e-02
2.276755620909769878e-02
2.276755620909769878e-02
2.130908073050461621e-02
1.993959302888649587e-02
1.980050349422456807e-02
2.195081949848547240e-03
5.559682709652622725e-04
0.000000000000000000e+00
0.000000000000000000e+00
0.000000000000000000e+00
0.000000000000000000e+00
0.000000000000000000e+00
0.000000000000000000e+00
0.000000000000000000e+00
0.000000000000000000e+00
0.000000000000000000e+00
0.000000000000000000e+00
0.000000000000000000e+00
0.000000000000000000e+00
0.000000000000000000e+00
0.000000000000000000e+00
0.000000000000000000e+00
0.000000000000000000e+00
0.000000000000000000e+00
0.000000000000000000e+00
0.000000000000000000e+00
0.000000000000000000e+00
0.000000000000000000e+00
0.000000000000000000e+00
0.000000000000000000e+00
0.000000000000000000e+00
0.000000000000000000e+00
0.000000000000000000e+00
0.000000000000000000e+00
0.000000000000000000e+00
0.000000000000000000e+00
0.000000000000000000e+00
0.000000000000000000e+00
0.000000000000000000e+00
0.000000000000000000e+00
0.000000000000000000e+00
0.000000000000000000e+00
0.000000000000000000e+00
0.000000000000000000e+00
0.000000000000000000e+00
0.000000000000000000e+00
0.000000000000000000e+00
0.000000000000000000e+00
0.000000000000000000e+00
0.000000000000000000e+00
0.000000000000000000e+00
0.000000000000000000e+00
0.000000000000000000e+00
0.000000000000000000e+00
0.000000000000000000e+00
0.000000000000000000e+00
0.000000000000000000e+00
0.000000000000000000e+00
0.000000000000000000e+00
0.000000000000000000e+00
0.000000000000000000e+00
0.000000000000000000e+00
0.000000000000000000e+00
0.000000000000000000e+00
0.000000000000000000e+00
0.000000000000000000e+00
0.000000000000000000e+00
0.000000000000000000e+00
0.000000000000000000e+00
0.000000000000000000e+00
0.000000000000000000e+00
0.000000000000000000e+00
0.000000000000000000e+00
0.000000000000000000e+00
0.000000000000000000e+00
0.000000000000000000e+00
0.000000000000000000e+00
0.000000000000000000e+00
0.000000000000000000e+00
0.000000000000000000e+00
0.000000000000000000e+00
0.000000000000000000e+00
0.000000000000000000e+00
0.000000000000000000e+00
0.000000000000000000e+00
0.000000000000000000e+00
0.000000000000000000e+00
0.000000000000000000e+00
0.000000000000000000e+00
0.000000000000000000e+00
0.000000000000000000e+00
0.000000000000000000e+00
0.000000000000000000e+00
0.000000000000000000e+00
0.000000000000000000e+00
0.000000000000000000e+00
0.000000000000000000e+00
0.000000000000000000e+00
0.000000000000000000e+00
0.000000000000000000e+00
0.000000000000000000e+00
0.000000000000000000e+00
0.000000000000000000e+00
0.000000000000000000e+00
0.000000000000000000e+00
0.000000000000000000e+00
0.000000000000000000e+00
0.000000000000000000e+00
0.000000000000000000e+00
0.000000000000000000e+00
0.000000000000000000e+00
0.000000000000000000e+00
0.000000000000000000e+00
0.000000000000000000e+00
0.000000000000000000e+00
0.000000000000000000e+00
0.000000000000000000e+00
0.000000000000000000e+00
0.000000000000000000e+00
0.000000000000000000e+00
0.000000000000000000e+00
0.000000000000000000e+00
0.000000000000000000e+00
0.000000000000000000e+00
0.000000000000000000e+00
0.000000000000000000e+00
0.000000000000000000e+00
0.000000000000000000e+00
0.000000000000000000e+00
0.000000000000000000e+00
0.000000000000000000e+00
0.000000000000000000e+00
0.000000000000000000e+00
0.000000000000000000e+00
0.000000000000000000e+00
0.000000000000000000e+00
0.000000000000000000e+00
0.000000000000000000e+00
0.000000000000000000e+00
0.000000000000000000e+00
0.000000000000000000e+00
0.000000000000000000e+00
0.000000000000000000e+00
0.000000000000000000e+00
0.000000000000000000e+00
0.000000000000000000e+00
0.000000000000000000e+00
0.000000000000000000e+00
0.000000000000000000e+00
0.000000000000000000e+00
0.000000000000000000e+00
0.000000000000000000e+00
0.000000000000000000e+00
0.000000000000000000e+00
0.000000000000000000e+00
0.000000000000000000e+00
0.000000000000000000e+00
0.000000000000000000e+00
0.000000000000000000e+00
6.778423338436242181e-09
0.000000000000000000e+00
0.000000000000000000e+00
7.396836606458776790e-09
0.000000000000000000e+00
0.000000000000000000e+00
0.000000000000000000e+00
0.000000000000000000e+00
0.000000000000000000e+00
0.000000000000000000e+00
0.000000000000000000e+00
0.000000000000000000e+00
0.000000000000000000e+00
0.000000000000000000e+00
0.000000000000000000e+00
0.000000000000000000e+00
0.000000000000000000e+00
0.000000000000000000e+00
0.000000000000000000e+00
0.000000000000000000e+00
0.000000000000000000e+00
0.000000000000000000e+00
0.000000000000000000e+00
0.000000000000000000e+00
0.000000000000000000e+00
0.000000000000000000e+00
0.000000000000000000e+00
0.000000000000000000e+00
0.000000000000000000e+00
0.000000000000000000e+00
0.000000000000000000e+00
0.000000000000000000e+00
0.000000000000000000e+00
0.000000000000000000e+00
0.000000000000000000e+00
0.000000000000000000e+00
5.771622197128136290e-09
0.000000000000000000e+00
0.000000000000000000e+00
0.000000000000000000e+00
0.000000000000000000e+00
0.000000000000000000e+00
0.000000000000000000e+00
0.000000000000000000e+00
8.826463497994248748e-09
6.357765180492250728e-09
3.133724067187867929e-09
6.945475778544002173e-10
0.000000000000000000e+00
0.000000000000000000e+00
0.000000000000000000e+00
0.000000000000000000e+00
0.000000000000000000e+00
0.000000000000000000e+00
0.000000000000000000e+00
0.000000000000000000e+00
0.000000000000000000e+00
0.000000000000000000e+00
0.000000000000000000e+00
0.000000000000000000e+00
0.000000000000000000e+00
0.000000000000000000e+00
0.000000000000000000e+00
0.000000000000000000e+00
0.000000000000000000e+00
0.000000000000000000e+00
0.000000000000000000e+00
0.000000000000000000e+00
0.000000000000000000e+00
0.000000000000000000e+00
0.000000000000000000e+00
0.000000000000000000e+00
0.000000000000000000e+00
0.000000000000000000e+00
0.000000000000000000e+00
0.000000000000000000e+00
0.000000000000000000e+00
0.000000000000000000e+00
0.000000000000000000e+00
0.000000000000000000e+00
0.000000000000000000e+00
0.000000000000000000e+00
0.000000000000000000e+00
0.000000000000000000e+00
0.000000000000000000e+00
0.000000000000000000e+00
0.000000000000000000e+00
0.000000000000000000e+00
0.000000000000000000e+00
0.000000000000000000e+00
0.000000000000000000e+00
0.000000000000000000e+00
0.000000000000000000e+00
0.000000000000000000e+00
0.000000000000000000e+00
0.000000000000000000e+00
0.000000000000000000e+00
0.000000000000000000e+00
0.000000000000000000e+00
0.000000000000000000e+00
0.000000000000000000e+00
0.000000000000000000e+00
0.000000000000000000e+00
0.000000000000000000e+00
0.000000000000000000e+00
9.834726810616499851e-09
0.000000000000000000e+00
0.000000000000000000e+00
0.000000000000000000e+00
0.000000000000000000e+00
0.000000000000000000e+00
0.000000000000000000e+00
0.000000000000000000e+00
8.114231739221443758e-11
0.000000000000000000e+00
0.000000000000000000e+00
0.000000000000000000e+00
0.000000000000000000e+00
0.000000000000000000e+00
0.000000000000000000e+00
0.000000000000000000e+00
2.160313997492719601e-09
0.000000000000000000e+00
0.000000000000000000e+00
0.000000000000000000e+00
0.000000000000000000e+00
0.000000000000000000e+00
0.000000000000000000e+00
0.000000000000000000e+00
0.000000000000000000e+00
0.000000000000000000e+00
2.202328774552823479e-09
9.278391141366557339e-09
9.322410813492375528e-09
1.737891560288233984e-09
0.000000000000000000e+00
0.000000000000000000e+00
0.000000000000000000e+00
0.000000000000000000e+00
0.000000000000000000e+00
0.000000000000000000e+00
0.000000000000000000e+00
4.999992152193315800e-09
0.000000000000000000e+00
0.000000000000000000e+00
0.000000000000000000e+00
0.000000000000000000e+00
0.000000000000000000e+00
0.000000000000000000e+00
0.000000000000000000e+00
0.000000000000000000e+00
8.225117338777190032e-09
2.155188972190362311e-09
0.000000000000000000e+00
8.178374301062403361e-09
8.992972609494122043e-09
0.000000000000000000e+00
0.000000000000000000e+00
5.754516628680610711e-09
9.223480600307537754e-09
9.030350638619939210e-10
8.884925565919784142e-09
9.647497468565084549e-10
7.143216459557228848e-10
8.870238291784967461e-09
3.656999249729489456e-09
4.698739690842672375e-09
6.528420787416723308e-09
8.800669707132781189e-09
8.982563680885194411e-09
9.308265948832193964e-09
9.450950085976309476e-09
9.666730345932081963e-09
9.667523303151685050e-09
9.767616775115307354e-09
9.844274322947975518e-09
9.740072621705702195e-09
9.717938795038761016e-09
9.718114991369174326e-09
9.718190248006723023e-09
9.872036456885783808e-09
9.879258469124175038e-09
9.945140254157762060e-09
9.975656718135042448e-09
9.986438908553247877e-09
9.993673236861274171e-09
9.996786979432446938e-09
9.998718883108117045e-09
9.999575132211490463e-09
9.999839197371658655e-09
9.999799969397225023e-09
9.999720273971338005e-09
9.999720292927755040e-09
9.999495442102877587e-09
9.998833613732173213e-09
9.999594934713681732e-09
9.999805209305476813e-09
9.999779146099633427e-09
9.999774129057868256e-09
9.999608592938859901e-09
9.999608552135019666e-09
9.999133310732127680e-09
9.999193614515141628e-09
9.999193219945868427e-09
9.999193240461648301e-09
9.999671374002821455e-09
9.999875606757984800e-09
9.999900499892585559e-09
9.999960125151219689e-09
9.999987463324467188e-09
9.999994062059538082e-09
9.999988812022234699e-09
9.999988143490449798e-09
9.999999978563194427e-09
9.999983098566871324e-09
9.999980510589421229e-09
9.999890532314460839e-09
9.999896055721974898e-09
9.999967080328392330e-09
9.999973660235426275e-09
9.999973663077683380e-09
9.999973662951324924e-09
9.999973662800882277e-09
9.999973662552986174e-09
9.999973662548971039e-09
9.999973662364756262e-09
9.999973660482769822e-09
1.000038014811653601e-08
9.999934462417387195e-09
9.999957730321000145e-09
9.999966198985416018e-09
9.999966199015968761e-09
9.999991465822345464e-09
9.999992737058298130e-09
9.999993168542863631e-09
9.999993168556121682e-09
9.999998376898435032e-09
9.999998434248446815e-09
9.999998460663716869e-09
9.999998516732406031e-09
9.999998557908085458e-09
9.999998563515632166e-09
9.999998566111204160e-09
9.999998472271520898e-09
9.999992737569020946e-09
9.999984066864961254e-09
9.999948367358566595e-09
9.999953468131424574e-09
9.999955330706267022e-09
9.999894488717108873e-09
9.999754815904112104e-09
9.999999808155855401e-09
9.999806769996833873e-09
9.999796574496726241e-09
9.999683203834826002e-09
1.002062194296303254e-08
9.999632093496992622e-09
9.999832708711773386e-09
9.999866159064501306e-09
9.999946417758616161e-09
9.999947650587320634e-09
9.999956732202700062e-09
9.999956776018328069e-09
9.999956945195085387e-09
9.999962804322817689e-09
9.999921381535939034e-09
9.999867874530147214e-09
9.999867950334217665e-09
9.999872472117461357e-09
9.999876832297712682e-09
9.999729433836605446e-09
9.999753354652629723e-09
9.999753767128455708e-09
9.999754815113638458e-09
9.999557934388771590e-09
9.999073166129350334e-09
9.998321502706198639e-09
9.999058077208888849e-09
9.999247118151590239e-09
9.999247116609082031e-09
9.999247120486922941e-09
9.999247121490529597e-09
9.999247121682963241e-09
9.998700068143161420e-09
9.998590825498190781e-09
9.998515387014152884e-09
9.998515359603604228e-09
9.998515351900987699e-09
9.998515362741323630e-09
9.998515366904032308e-09
9.998515373587717831e-09
9.998515428939400221e-09
9.998515708187127851e-09
9.998516438766650324e-09
9.998516741204588259e-09
9.998517458498532958e-09
9.998517866136622909e-09
9.998517844980142019e-09
9.998518095497498077e-09
9.998518158952531260e-09
9.998518189802781453e-09
9.998518497464035738e-09
9.998518116366937368e-09
9.995400182996293038e-09
9.996311918291048638e-09
9.996318794184666867e-09
9.996318863999091070e-09
9.996318464052394461e-09
9.996315557295203089e-09
9.996307691243885704e-09
9.996311788403054311e-09
9.996312679728155088e-09
9.996312599597905218e-09
9.996312010229824531e-09
9.996310522174790208e-09
9.996310473138739329e-09
9.996309871286059706e-09
9.996309482259922313e-09
9.996309634557506675e-09
9.996309576182186324e-09
9.998322469106251516e-09
9.998658273487436302e-09
9.998658381554910650e-09
9.998658316272791003e-09
9.998658283962571992e-09
9.998658319071129781e-09
9.998658323929366659e-09
9.998658323706562252e-09
9.998658328856411729e-09
9.998658355718359314e-09
9.998658361200655988e-09
9.998658369847911121e-09
9.998658372493160274e-09
9.998658376710456255e-09
9.998658382327664432e-09
9.998658400729630574e-09
9.998658476218503852e-09
9.998659090534158254e-09
9.999156767295607348e-09
9.999648729165320403e-09
9.999855275173941177e-09
9.999938374919505404e-09
9.999983301914949437e-09
9.999956467627409494e-09
9.999951436525722925e-09
9.999939670202056735e-09
9.999934529935892198e-09
9.999881846366486506e-09
9.999905510027438937e-09
9.999934908577696826e-09
9.999947953580662373e-09
9.999979063437684030e-09
9.999983261437549413e-09
9.999995410908921181e-09
9.999991717210517566e-09
9.999986507315634183e-09
9.999977738782045100e-09
9.999977734687514303e-09
9.999977737079401343e-09
9.999994599441998990e-09
9.999995677322427101e-09
9.999999207904657002e-09
9.999998496045844792e-09
9.999998399818456716e-09
9.999998324775853995e-09
9.999997633744385856e-09
9.999997278645289588e-09
9.999997259735543738e-09
9.999997118887130016e-09
9.999995140014635786e-09
9.999989389561923794e-09
9.999994963040524945e-09
9.999991867383829323e-09
9.999991868936839416e-09
9.999992096344761010e-09
9.999992578553386669e-09
9.999992964260655415e-09
9.999992962129321997e-09
9.999992964779042888e-09
9.999998300405205671e-09
9.999993343530650779e-09
9.999993896701718143e-09
9.999994677792412608e-09
9.999994677638171548e-09
9.999994677610379934e-09
9.999994677610803450e-09
9.999994677620519514e-09
9.999988378854455912e-09
9.999984129824144328e-09
9.999983212691979549e-09
9.999979670197531573e-09
9.999874465876448793e-09
9.999857714959096018e-09
9.999838089450058944e-09
9.999934006614935911e-09
9.999947174118865205e-09
9.999947192808537998e-09
9.999947222850970223e-09
9.999947209937213442e-09
9.999947203299795439e-09
9.999947209692147951e-09
9.999947219577920763e-09
9.999946888009510613e-09
9.999973086537314491e-09
9.999978458323441178e-09
9.999978459002369518e-09
9.999978459818684286e-09
9.999978459642218537e-09
9.999978454477186987e-09
9.999978457518822744e-09
9.999978459373336862e-09
9.999978459289164617e-09
9.999978459487290917e-09
9.999978464658756278e-09
9.999978460979885393e-09
9.999913799386778780e-09
9.999927276117985657e-09
9.999927285156345019e-09
9.999927299606738680e-09
9.999927250061396006e-09
9.999927248017732152e-09
9.999927246919309090e-09
9.999927248270247232e-09
9.999927248541939667e-09
9.999927250394604209e-09
9.999927274017453136e-09
9.999927288130295895e-09
9.999927237783474765e-09
9.999927242149802222e-09
9.999973272877225795e-09
9.999993002138163908e-09
9.999992789025038339e-09
9.999989356137841568e-09
9.999974132996706353e-09
9.999935488097217902e-09
9.999952646051088564e-09
9.999976736258847783e-09
9.999981388335223976e-09
9.999948847755296136e-09
9.999945850304938797e-09
9.999945850751629563e-09
9.999960124048764949e-09
9.999960858468493269e-09
9.999968082632287524e-09
9.999968093733182039e-09
9.999881455566035118e-09
9.999917765112071609e-09
9.999917766177809456e-09
9.999917780333114705e-09
9.999917757868659435e-09
9.999744671938420388e-09
9.999716132125948686e-09
9.999858827060925747e-09
9.999887067498333961e-09
9.999887088623118944e-09
9.999954736468870199e-09
9.999915620395133703e-09
9.999893064716916248e-09
9.999893035848137508e-09
9.999893011738749217e-09
9.999893017271864559e-09
9.999957080190706584e-09
9.999967526593047486e-09
9.999974040418523155e-09
9.999974040947614345e-09
9.999993731396617732e-09
9.999985567597833828e-09
9.999987000065202713e-09
9.999988233822005488e-09
9.999988457555906784e-09
9.999990215502546287e-09
9.999991265665793197e-09
9.999991492393621781e-09
9.999992172710821278e-09
9.999992172992812112e-09
9.999992173132125871e-09
9.999998009038183572e-09
9.999992207690716085e-09
9.999993638140402859e-09
9.999993765841109962e-09
9.999993765765891120e-09
9.999993765850649009e-09
9.999993765585785777e-09
9.999993765799621891e-09
9.999993765762491408e-09
9.999993765786439941e-09
9.999998548401828074e-09
9.999998837820963908e-09
9.999999741387009298e-09
9.999999741362475121e-09
9.999998988301555064e-09
9.999998988269895553e-09
9.999999099165487181e-09
9.999999112232163187e-09
9.999999132552644064e-09
9.999999190738836185e-09
9.999999190835373126e-09
9.999999190808281306e-09
9.999999190788799549e-09
9.999999190763375325e-09
9.999999190739643514e-09
9.999999190719389169e-09
9.999999190723012220e-09
9.999999189251643199e-09
9.999999190728979501e-09
9.999999741331204385e-09
9.999999486220001534e-09
9.999999003974182526e-09
9.999999003854545740e-09
9.999999003809836628e-09
9.999999003747779884e-09
9.999999003763885090e-09
9.999999003811115449e-09
9.999999003826405055e-09
9.999999003828102430e-09
9.999999741310597662e-09
9.999999292815612111e-09
9.999998893240529701e-09
9.999998893093597609e-09
9.999998893187823407e-09
9.999999665724128652e-09
9.999999731974574048e-09
9.999999732421660206e-09
9.999999732423516399e-09
9.999999732423609043e-09
9.999999732545743915e-09
9.999999446991303436e-09
9.999998960277355853e-09
9.999999160225600880e-09
9.999999160226909480e-09
9.999999160221832246e-09
9.999999160217011437e-09
9.999999220307983787e-09
9.999999353183271413e-09
9.999999376685229548e-09
9.999999376682762895e-09
9.999999314148798632e-09
9.999999145646509497e-09
9.999999145654758142e-09
9.999999145649609770e-09
9.999999145646696440e-09
9.999999145645108253e-09
9.999999145645037115e-09
9.999999145644406804e-09
9.999999741364698583e-09
9.999999741373400523e-09
9.999999741373324422e-09
9.999999741372161406e-09
9.999999741369797324e-09
9.999999741370478921e-09
9.999999741371019897e-09
9.999999741371322645e-09
9.999999741372164715e-09
9.999999741192558989e-09
9.999999741221487149e-09
9.999999212126772137e-09
9.999999197657272258e-09
9.999998346351301865e-09
9.999994171940859040e-09
9.999996247288215589e-09
9.999986480660369255e-09
9.999989169655852068e-09
9.999989170164908943e-09
9.999989169918526580e-09
9.999989169899410436e-09
9.999989169385339192e-09
9.999989170071675762e-09
9.999997049195073951e-09
9.999997638926912276e-09
9.999997639043824329e-09
9.999999553939953140e-09
9.999997135162593474e-09
9.999997330621194958e-09
9.999997425216797223e-09
9.999997425366821316e-09
9.999997425267296599e-09
9.999997425170893662e-09
9.999997691626244994e-09
9.999998153481869997e-09
9.999998154177911050e-09
9.999998156292654534e-09
9.999999641165066782e-09
9.999997596659283302e-09
9.999997993495140570e-09
9.999997993724069422e-09
9.999997993614999041e-09
9.999997993698494652e-09
9.999999622059505775e-09
9.999998823474679199e-09
9.999999020082859902e-09
9.999999035548799745e-09
9.999999059386083664e-09
9.999999059387266533e-09
9.999999055158257674e-09
9.999999055640103616e-09
9.999999055873667988e-09
9.999999059311840896e-09
9.999999059354066812e-09
9.999999059328018894e-09
9.999999059382278633e-09
9.999999059390140158e-09
9.999999059384060381e-09
9.999998552483717897e-09
9.999998626499655474e-09
9.999997872982910923e-09
9.999993762066850263e-09
9.999993761991907700e-09
9.999993762879166440e-09
9.999993762763543134e-09
9.999998540126643743e-09
9.999998831383645857e-09
9.999998831308087871e-09
9.999998831377460201e-09
9.999999741325764846e-09
9.999999383725176798e-09
9.999999270457548811e-09
9.999999109647490125e-09
9.999999027164483821e-09
9.999998991400838692e-09
9.999998950274232581e-09
9.999998919914349945e-09
9.999998902365185508e-09
9.999999741318656056e-09
9.999999741322062385e-09
9.999999741322667882e-09
9.999999741322657955e-09
9.999999741293769500e-09
9.999999741283638191e-09
9.999999729716906988e-09
9.999999450771527108e-09
9.999999398061123404e-09
9.999999303522975450e-09
9.999997834479709779e-09
9.999998267873901134e-09
9.999999648399095420e-09
9.999999363842696327e-09
9.999998765943726620e-09
9.999998272587856207e-09
9.999998272654201055e-09
9.999999660515885186e-09
9.999999729093183028e-09
9.999999741346588290e-09
9.999999136261443998e-09
9.999999260705114205e-09
9.999999260711503348e-09
9.999999260809335653e-09
9.999999260830451920e-09
9.999997595954765303e-09
9.999994330486954169e-09
9.999995013841842117e-09
9.999995068000596060e-09
9.999995443669488751e-09
9.999995443781237543e-09
9.999995443530378478e-09
9.999995442989470187e-09
9.999995443482924781e-09
9.999995443417944781e-09
9.999995443270764535e-09
9.999995443497486469e-09
9.999995443364310390e-09
9.999995443365711634e-09
9.999995443395569545e-09
9.999995443387936323e-09
9.999995443275228001e-09
9.999993436859907355e-09
9.999991337660399142e-09
9.999991438615496651e-09
9.999992092034284788e-09
9.999992110585882939e-09
9.999992345939517863e-09
9.999992584319596545e-09
9.999992585225364279e-09
9.999992585222922442e-09
9.999998162237244254e-09
9.999999579974491810e-09
9.999998766377895525e-09
9.999998291537452310e-09
9.999997574573914980e-09
9.999997574765298104e-09
9.999997574727123719e-09
9.999997574363379316e-09
9.999997574422081016e-09
9.999997574435011503e-09
9.999997574759876763e-09
9.999997574786677414e-09
9.999999573822240052e-09
9.999999659924044076e-09
9.999999593132165956e-09
9.999999106185408389e-09
9.999999099626258215e-09
9.999999099635729433e-09
9.999999099591212227e-09
9.999999099596658384e-09
9.999999099650337443e-09
9.999999099629727410e-09
9.999999099780208107e-09
9.999999099774713974e-09
9.999999099681446051e-09
9.999998036539387914e-09
9.999997026736797719e-09
9.999997027947083724e-09
9.999997027742490526e-09
9.999997027026643460e-09
9.999997027044520488e-09
9.999997027116063339e-09
9.999997026888596942e-09
9.999997026902351302e-09
9.999997027224337972e-09
9.999997026971513527e-09
9.999999463863812625e-09
9.999997630613942334e-09
9.999998093985920094e-09
9.999998096942615982e-09
9.999998097220937443e-09
9.999998099687383235e-09
9.999998099492952777e-09
9.999998100007320152e-09
9.999998101448900745e-09
9.999998101495916037e-09
9.999998101696391530e-09
9.999998102938644756e-09
9.999998105649525728e-09
9.999998104566526276e-09
9.999998104927056254e-09
9.999999638091002237e-09
9.999999677258679220e-09
9.999999421834687946e-09
9.999999534792204267e-09
9.999999534798054089e-09
9.999999534820588143e-09
9.999999534817874991e-09
9.999999418888818198e-09
9.999999357975050947e-09
9.999999091932762180e-09
9.999999052174302876e-09
9.999999015037769541e-09
9.999999008911425079e-09
9.999998992797496760e-09
9.999998894193534411e-09
9.999998787033824611e-09
9.999998784180883641e-09
9.999998966019752853e-09
9.999999156972382249e-09
9.999999741293954788e-09
9.999999488126972138e-09
9.999999296934349522e-09
9.999999003500368508e-09
9.999999003542566300e-09
9.999999741382810529e-09
9.999999741378467831e-09
9.999999741386699933e-09
9.999999741387333553e-09
9.999999741386499755e-09
9.999999741385483977e-09
9.999999741381240541e-09
9.999999741407533304e-09
9.999999741397842056e-09
9.999999741392167597e-09
9.999999738783848750e-09
9.999999720137083469e-09
9.999998773768512762e-09
9.999999139453237852e-09
9.999999139441857501e-09
9.999999139458114908e-09
9.999999139474701534e-09
9.999999139467969938e-09
9.999999139471174436e-09
9.999999139473923984e-09
9.999999341625475415e-09
9.999999473620146561e-09
9.999999473640290064e-09
9.999999473652715971e-09
9.999999473631201003e-09
9.999999473629511900e-09
9.999999473621069695e-09
9.999999473640453845e-09
9.999999473616162859e-09
9.999999677432188626e-09
9.999999741385212662e-09
9.999999741387704130e-09
9.999999741388509804e-09
9.999999741385545189e-09
9.999999741380198293e-09
9.999999741381258739e-09
9.999999741395674842e-09
9.999999741409606218e-09
9.999999741407905535e-09
9.999999741414726466e-09
9.999999741407043613e-09
9.999999741405086503e-09
9.999999741405782989e-09
9.999999741406469549e-09
9.999999741406704469e-09
9.999999741405440537e-09
9.999999741403504934e-09
9.999999741403857313e-09
9.999999741438405338e-09
9.999999741421155314e-09
9.999999741421573867e-09
9.999999741421807132e-09
9.999999741421428284e-09
9.999999741421635079e-09
9.999999741421616881e-09
9.999999741514747492e-09
9.999999741514555586e-09
9.999999741514539042e-09
9.999999741514527462e-09
9.999999741489037064e-09
9.999999741475107342e-09
9.999999741462375378e-09
9.999999741443790284e-09
9.999999741377629070e-09
9.999999741386440198e-09
9.999999741385723860e-09
9.999999741376249333e-09
9.999999741383416026e-09
9.999999533273424562e-09
9.999999626643560404e-09
9.999999626647769099e-09
9.999998954448796412e-09
9.999998953469988630e-09
9.999998953477204953e-09
9.999998953481239940e-09
9.999998953490729356e-09
9.999998953469029100e-09
9.999998953429350901e-09
9.999998953398128141e-09
9.999998953500212155e-09
9.999998953447725891e-09
9.999998953455562600e-09
9.999998953493543425e-09
9.999999741382643439e-09
9.999999741375496599e-09
9.999999741375756333e-09
9.999999741392240388e-09
9.999999485368309906e-09
9.999999152303161104e-09
9.999999152253244063e-09
9.999999156612545448e-09
9.999999155888674731e-09
9.999999152349240027e-09
1.000005582094729333e-08
9.999998435189143077e-09
9.999998435094550011e-09
9.999998435025157830e-09
9.999998435040895768e-09
9.999998435074886274e-09
9.999998435101819274e-09
9.999998435072624762e-09
9.999998435044771936e-09
9.999998435092382798e-09
9.999998435267237199e-09
9.999998435264533973e-09
9.999998434533956475e-09
9.999998307373209715e-09
9.999998019520939250e-09
9.999997953417177792e-09
9.999997890611401980e-09
9.999997823450358116e-09
9.999997661949046098e-09
9.999997635664612856e-09
9.999997526881845654e-09
9.999997309485420053e-09
9.999997310254957758e-09
9.999997310270464086e-09
9.999999318779827194e-09
9.999999386587693211e-09
9.999999403935202594e-09
9.999999434493421635e-09
9.999999445831756691e-09
9.999999455128992152e-09
9.999999455103106362e-09
9.999999455099195452e-09
9.999999657299110479e-09
9.999999693886389270e-09
9.999999725975357320e-09
9.999999725959035392e-09
9.999999725963467425e-09
9.999999725974009015e-09
9.999999725967664540e-09
9.999999725960339028e-09
9.999999725981174054e-09
9.999999331724044074e-09
9.999999072803040881e-09
9.999999073039437520e-09
9.999999072937083845e-09
9.999998327377522310e-09
9.999998662327956348e-09
9.999999741234195952e-09
9.999998856486621993e-09
9.999999085111675339e-09
9.999999085147402924e-09
9.999999085207879753e-09
9.999999085210396036e-09
9.999999633262031008e-09
9.999999741388094559e-09
9.999999741385520373e-09
9.999999741387325281e-09
9.999999610915465519e-09
9.999999403557988383e-09
9.999999164234361320e-09
9.999999164239034890e-09
9.999999164228989609e-09
9.999999164244045951e-09
9.999999164239594064e-09
9.999999164248092518e-09
9.999999164225682541e-09
9.999999164221472192e-09
9.999996730407098918e-09
9.999997305588290946e-09
9.999997383292780730e-09
9.999997383655214879e-09
9.999997383642851837e-09
9.999997383561898980e-09
9.999997383510623708e-09
9.999997383421030121e-09
9.999997383229819051e-09
9.999997383317088260e-09
9.999997383445383973e-09
9.999997383309835540e-09
9.999997383310886060e-09
9.999997383364212739e-09
9.999997383235071648e-09
9.999997383320961119e-09
9.999997383297280593e-09
9.999997383325171469e-09
9.999997383330829384e-09
9.999997383331350508e-09
9.999997383237498596e-09
9.999997383304677242e-09
9.999984821490000440e-09
9.999988029142148391e-09
9.999988031095770326e-09
9.999988027735325927e-09
9.999988027477412666e-09
9.999988029090044284e-09
9.999988031193907034e-09
9.999988030676326890e-09
9.999988027570162774e-09
9.999988029120421665e-09
9.999988029671499315e-09
9.999988028580525842e-09
9.999988028703754247e-09
9.999988028211164883e-09
9.999988028908984374e-09
9.999987876528402364e-09
9.999907470766004977e-09
9.999931058864651997e-09
9.999931183899182278e-09
9.999931565602529591e-09
9.999931568382791164e-09
9.999931575692503519e-09
9.999931571563234444e-09
9.999931571203493596e-09
9.999931573211780590e-09
9.999931571628067207e-09
9.999931569806905011e-09
9.999931570673262552e-09
9.999931570694875127e-09
9.999931570672615696e-09
9.999931570666782419e-09
9.999931571306872975e-09
