4.229949723821846419e-14
1.008039584193386243e-06
6.786411371965584316e-06
8.232265993484698226e-06
1.532406982391181389e-05
1.775439979497974829e-05
1.705160211057047813e-05
1.599463059245962056e-05
3.737502114329579382e-05
9.970968545649270371e-05
2.562458559136705566e-04
2.534795363630164776e-04
4.691465448929121873e-04
1.424167967602349427e-03
5.405308809722203511e-03
9.624421510830802329e-03
2.098586920467439623e-02
2.534610564655764842e-02
2.746784564863311018e-02
5.913620473562848645e-02
5.905294523478910040e-02
6.252914407273169051e-02
6.223508214928863413e-02
7.532512866450331857e-02
9.806374139600970707e-02
1.025616644749802187e-01
1.169740259115550907e-01
9.456710929022665857e-02
1.407941684109155212e-01
1.407941684109155212e-01
1.294487047772877597e-01
1.210626177471388898e-01
1.201691286571837658e-01
2.319441230104724028e-02
2.639681432910689907e-02
1.501332340431016377e-02
4.317126771661095042e-02
5.578831570940301354e-02
4.068493412813647403e-01
1.592753605794376970e-01
5.298268595767257061e-01
1.805624311640358082e-01
1.057873183150803698e-01
8.125059485305330398e-02
3.779276252858499774e+00
5.643892672192829529e-01
4.495504095504756492e-01
3.340947365964533899e-01
3.462518504845223388e-01
2.297456632700809465e-01
2.196812359773260281e-01
3.445279098446256683e-01
3.083074441440889490e-01
2.549756001325097499e-01
2.507702010758166011e-01
1.932840922205423251e-01
8.331782205294420152e-01
6.580331658013438556e-01
2.185228473818643380e-01
1.760983245526386298e-01
3.071324867529814373e+00
1.402326055979697284e+00
6.984081904843743027e-01
8.579194741498141763e-02
1.776800849219055678e-01
2.154558389564007470e-01
1.667963048657608027e-01
6.764921066924026172e-02
1.569504012356865985e-01
2.057791804295199256e-01
1.790953314408785246e-01
3.609891326394940592e-01
9.209446610653593268e-02
2.358356174852271891e-02
1.805891194929798438e-04
4.864798965731331748e-05
3.468810296809976546e-02
3.487373035377172581e-02
6.166655009390153985e-02
6.334708768878405394e-02
9.588593734974359961e-02
8.587688207641175353e-02
6.540257775727287282e-02
6.412425427283352519e-02
3.959285065141315840e-02
2.942170745437071577e-01
4.352172428223322065e-02
9.139884044414836595e-02
2.229558521453300912e-02
3.565205610695443283e-02
2.616874370298649666e-02
3.640346327764154566e-02
4.163669421119564618e-02
7.921264390276494538e-02
2.762930144462938387e-02
1.447911920008593256e-02
1.549406162269972853e-02
7.973294028060795569e-03
3.752624061679199485e-03
2.135450093930124638e-03
1.415911888085208403e-03
6.491574979108349908e-04
3.034355063741234204e-02
4.329795967438876403e-03
1.378757108190242775e-04
7.444150429056595186e-02
6.788579903157465623e-02
1.075519688581794142e-02
5.155938436728155910e-03
2.049411398061096179e-02
3.909841998807506158e-03
4.721184239023479279e-02
4.564595545899763351e-02
3.953845084068618454e-01
3.276557440311196889e-01
2.916729246417886223e-01
1.800033897315559961e-01
5.012720106997392566e-02
7.257096086545455904e-03
1.573633149075576165e-03
9.435191714866508761e-03
8.153639587950012313e-04
4.700008632792962437e-03
3.326783069609318133e-03
1.660912517319257375e-03
1.487496458338144478e-02
2.292180309977354113e-03
1.690568274139714333e-03
1.045576308289897227e-02
9.728336808415782855e-03
5.607553546607135786e-03
2.319230511435899089e-03
1.985668705780652132e-03
3.317620636651662236e-03
3.138536836665321156e-03
3.010533942184819012e-03
1.681860020603664907e-04
8.195326271357211700e-02
5.576828931332639128e-02
8.386101835263892745e-03
9.414808495860071957e-04
2.725247586308210401e-04
3.184361666401791524e-04
2.531718447484898604e-05
4.812169724344173005e-05
6.141941740908651859e-05
3.439889184708522230e-02
4.739289096869159224e-03
8.018933305148912005e-04
3.228320228609860010e-04
1.134062168957061800e-04
1.309922390069218068e-05
1.332844437845470686e-02
3.541527694298718387e-03
1.563218456924198030e-04
7.444567308096949887e-03
3.300385045689760433e-03
1.012456048170162076e-02
7.076805421726312106e-03
7.062985569033390643e-03
4.886217443421936313e-03
2.164736394132504849e-03
2.941456852462026594e-04
6.981195406235984890e-05
2.024127949797841636e-05
3.102899241716472467e-05
3.085685785460257069e-05
3.085685785460257069e-05
2.779405215028174503e-05
1.861064402159939846e-04
1.765655151153566749e-04
1.744867448838505197e-04
1.893068213243869749e-03
1.597740060971633829e-03
1.201488124781986298e-03
1.846339766987448172e-03
3.831126373373905381e-03
4.740922504788969150e-03
1.339220774510252454e-02
1.374073421085508784e-02
1.624962063654056266e-02
1.760720275652261080e-02
2.267193960049151968e-02
2.283892624040184671e-02
2.250120088017748543e-02
2.472804513836734941e-02
2.681317149693018820e-02
2.681294126689159896e-02
2.681100750033316160e-02
2.676583652118136314e-02
2.647375033104903963e-02
2.576942218976885357e-02
6.598363523507977391e-02
1.299528701426320154e-01
1.411592528200578123e-01
1.109192728266328309e-01
1.570698781828427926e-01
6.725803242643575430e-01
7.953171262470197789e-01
5.161537142618883856e-01
3.612563257764724867e-01
2.478002846207836285e-01
9.893687520422558279e-01
4.288488538146162377e-01
7.636067021236190300e-01
1.853422015868964046e-01
1.605859584102433679e-01
2.004547250518089463e-01
8.198408149183413762e-01
1.771504641069432395e-01
3.459628334060749211e-02
3.899841830901218387e-02
3.660638069891186674e-02
4.939744446557137181e-02
2.552264202708975915e-02
1.375424779646716722e-02
7.753692679151047429e-03
2.066508417658212693e-01
6.109434884136000221e-02
4.970520486073048971e-03
1.379843023511639899e-02
4.669340117721154648e-02
1.756424141614010281e-02
1.700915568865202232e-02
1.603419565770725086e-02
1.385357422426447549e-02
2.848926804932361279e-02
2.751559495877220485e-02
2.384484415423759884e-02
1.683629670466668671e-02
6.421487959996419193e-03
1.164179099379292204e-02
8.403028455056027468e-03
5.096291138683151090e-03
4.473075846526342048e-03
9.911933897554892070e-02
4.690281202885859813e-02
2.706092740218934978e-03
2.902246750667379638e-03
1.293042169238745737e-03
1.427325807686584402e-02
8.005537676015458959e-03
2.785451150212725491e-03
4.988254026886074222e-03
2.888146951427111864e-02
2.548657696339429179e-02
2.525300362847707203e-02
2.286599465488170502e-02
1.878985631059082451e-02
1.446830239821410291e-02
7.408649573937678423e-03
1.267563936219565091e-02
2.872874306518446996e-03
2.714063276818279302e-04
3.867512604964359023e-04
1.467479733488707971e-02
1.208683991142161032e-02
1.382897425505118932e-02
4.540663957688206853e-03
6.298277473183511166e-03
1.522522831181696845e-02
5.878527399652444529e-03
1.629349848001826473e-02
4.991888148014628213e-03
1.476490658501028452e-03
1.002070324587628347e-03
1.480917165026476856e-03
9.953157905239162773e-02
7.477695152019148139e-02
7.312535492754168587e-02
9.531357292038755702e-02
8.715064442278519508e-02
1.272495335916019599e-01
1.738176289204034219e-01
4.746521097257794253e-02
3.937710640631070236e-02
5.185364710243806075e-03
1.916295412794322139e-02
5.183767150209739327e-04
5.021115981450746668e-04
1.990418373496893878e-03
1.107348311432505839e-03
8.946416345790957070e-04
3.521158112799929046e-04
2.736073054451291023e-03
2.098314791822637471e-01
1.678145992067254788e-01
1.643126742913596505e-01
8.758176589564736769e-03
1.642685439441120276e-03
5.883677253255559236e-04
1.698182108652607214e-03
5.647921574627179364e-04
8.525213661729619252e-04
6.858470379857695143e-02
6.184594345684657490e-02
2.584562456226180416e-03
1.164442668331835962e-03
1.383664165159270709e-02
8.394151866868947154e-03
6.368832039224461838e-04
5.324112927697988509e-04
8.534446702584859434e-04
6.811587887104279815e-04
1.309008336881087309e-02
8.581400567197389195e-03
4.386166603518648621e-03
1.654484234879971712e-03
1.266596318397541013e-03
3.744642774512518812e-01
2.765854352601859745e-01
2.227675991449125092e-01
1.411040651921400269e-01
1.081010382844809214e-01
5.025568181749662244e-02
1.259874786294812310e-02
5.386261611588949449e-03
3.788532436246327961e-04
7.320039778514380105e-04
5.316584209365642077e-04
6.668048192426945242e-02
4.474523197494617577e-02
4.005496420105503219e-03
5.451969692070179896e-04
2.503476540855309462e-03
1.834180218540676366e-03
6.095874498815136155e-03
1.108498438572557560e-02
6.797546527707387654e-02
4.376546365516076342e-02
2.191372339734949382e-01
9.692203621249076417e-02
9.635751430462718981e-03
1.071302538401219806e-02
4.980902935159958744e-03
4.962064430857893171e-05
4.401743450061362806e-04
6.163550029622683057e-04
7.307411466622856441e-04
5.630711157383494481e-02
5.006216049796141654e-02
6.956759807772439075e-04
4.805022632784733405e-03
3.789606884316724933e-03
8.371380870753151321e-05
5.204284700824762799e-04
2.408567923899561369e-03
3.480378157953010164e-03
2.911610238014894492e-03
3.698083473202551374e-03
1.158650138013417319e-04
6.890341665361345361e-04
1.151359231270285277e-04
2.258180986487166864e-02
1.496519026996900870e-02
3.134689606523181904e-03
6.492019372254069498e-04
6.908346292981122974e-04
4.730167103723145056e-04
5.397831628695115569e-05
4.093212347950486718e-05
7.754977263192946307e-05
3.747830159250842286e-05
7.353020774289453776e-05
2.357542463707895664e-04
1.661516124961681662e-04
1.004765713435995522e-06
7.944605148473178613e-06
1.279747079630660922e-04
1.272865841272091680e-04
8.576935924459183624e-06
2.754981469177408826e-06
1.009598398636618899e-06
2.759523780569012041e-06
1.089420263003515466e-05
4.581397312158896895e-06
1.016767848405035479e-06
2.277695143930447141e-06
3.151377607167604733e-06
5.026667024465858447e-05
4.789684898939827740e-05
2.559293757165015393e-05
1.848485982769432212e-05
1.034206003711068966e-06
1.746099893340513631e-06
1.860776360218530101e-06
2.688642872783475468e-06
8.192066957757662693e-06
6.074890672511448764e-06
1.418229146077365499e-05
2.203407484077657408e-05
4.361378443146213257e-06
2.347689217890858160e-06
4.475082698851551299e-06
3.576895224122189632e-06
1.359293315912613043e-06
1.129941181718385756e-06
1.011690398067255359e-06
1.011281200058444796e-06
1.095986171983920343e-06
1.085445462595258093e-06
3.400459465827121441e-06
3.097212990521569509e-06
1.808148217152805159e-06
1.716649328020736220e-06
1.042394888066400238e-06
1.025509935170462739e-06
1.018343667360394056e-06
1.322289386503257280e-06
6.534940122093768622e-06
5.550444884940518298e-06
5.532328396149616134e-06
1.022868719873643029e-05
7.780292551211320795e-06
1.589369359879244659e-06
3.661224023646103554e-05
6.494769702103386777e-06
5.512175848321199112e-06
1.214139836197558608e-06
1.050675876412832110e-06
1.984936234877832106e-06
1.894188676479502398e-06
1.102583561923831112e-06
1.074494232214395772e-06
1.176029448830828716e-06
1.555476816846729227e-06
2.641912904572524257e-06
2.593230453021636017e-06
2.531259995863441303e-06
2.502539247085933116e-06
2.393972712733116737e-06
2.296277539143298796e-06
2.062906219646790107e-06
1.235521172215578445e-05
9.490019956055056882e-06
1.607818603413481082e-05
1.510564018624696234e-05
3.414195525768080192e-06
2.958274283365938673e-06
3.403729612533930998e-06
5.283718620539834543e-06
4.392584445386815695e-06
1.257905550774290893e-06
4.331509554481027813e-05
6.895424015052054045e-06
2.438948138921981368e-06
1.503939152935895862e-06
7.245948287520898035e-06
3.177275447052707591e-05
3.096620736142696728e-05
2.688562769681546172e-05
1.837921804503928058e-05
2.356853843271666804e-05
1.071181456430841950e-05
1.069671277467015846e-05
1.094427371874096000e-05
9.850891334220457374e-06
1.247535113751280234e-05
2.783405892903267898e-05
2.654742992969083559e-05
2.139577245019452789e-05
1.739441704612376682e-05
7.652578787673280925e-04
7.720834477214222336e-04
4.771642762968486551e-06
2.641853730445120618e-06
4.355113707700530856e-06
1.009953686847756516e-06
1.781697524433356605e-06
1.009953688457418331e-06
2.438275111563310837e-06
4.373824580151345481e-06
3.560706850785910760e-06
7.587617578352912062e-06
6.043784578004668395e-05
4.832788671257221003e-05
1.055536125102451983e-06
1.009908693478234529e-06
2.056168264041868809e-06
1.922452636781042667e-06
2.286165866330000518e-06
1.385475349946485579e-06
1.009908694160417925e-06
1.406470228226819330e-06
1.116812696440316888e-06
1.009908693821499290e-06
1.009908693879899035e-06
1.288548039522947886e-06
8.792472832744833988e-06
1.009908693802909246e-06
9.930348592606177971e-06
2.687049569459129539e-06
2.170216743226788259e-06
1.009773091130687189e-06
1.009773091739334784e-06
1.009773092337917721e-06
1.379349499272541912e-06
1.009773092266753401e-06
5.475349286854225284e-06
1.517489148561423917e-06
1.333944531278774548e-06
1.009773091755634027e-06
1.061254632617192328e-06
1.009773091767545640e-06
9.502802795542109049e-04
9.131804789033748371e-04
4.565389408781872493e-04
1.009896769539004006e-06
1.009917474937512506e-06
2.513584729453002473e-05
1.142536174156272288e-05
8.902604310842554547e-06
5.126862958546030136e-06
1.009917471067358830e-06
1.009917471070412384e-06
2.561571781685249849e-06
1.919285415791227578e-06
1.449734711924700881e-06
1.065430158653235537e-06
1.060703964639829466e-06
1.009917471058145230e-06
1.009917471073792469e-06
1.009917471098704979e-06
1.009917471093066916e-06
1.009917471089355217e-06
1.067705261509344083e-06
1.131312425295405433e-06
1.144183933599052239e-06
1.010689870017955627e-06
1.017187443733136298e-06
1.017774038725334507e-06
1.111820354248761744e-06
1.168868918048713429e-05
8.277110469077572641e-06
1.029478076912740403e-06
4.627868282369718145e-06
3.472172213248025940e-06
2.698403488127221195e-06
3.026407049529222792e-06
1.821152321571095634e-06
1.010785635906230606e-06
1.012597035829516934e-06
1.110280034915742120e-06
1.353213349944426547e-06
1.811640142745235549e-06
1.859905698564645604e-06
1.335053514878170589e-06
1.194843160468028742e-06
1.010075805048943343e-06
1.010019584413157645e-06
1.041946470853316598e-06
2.114854924857578755e-06
1.381963905959793237e-04
1.103282514883160981e-04
1.069237196611588780e-04
8.462143520103493355e-05
7.067610341338070867e-05
1.146032768256644019e-05
1.238700356204214259e-06
1.265783083567034728e-06
1.265473352060966783e-06
2.147487674517174761e-06
2.206838344093187132e-06
1.640083096148686748e-06
1.506714628708716308e-06
1.381629110744353461e-06
1.010085234093294204e-06
1.011926680227759334e-06
1.129808945676824550e-06
2.171766631281490945e-06
3.421629869406611624e-06
5.233207338065440362e-06
5.221069755615911911e-06
5.123964904029179590e-06
5.953384541380890571e-06
5.210971034785155664e-05
3.156456196020535065e-05
2.552348481435484651e-05
2.455769024134468737e-05
2.200726439705036341e-05
5.725005715953579433e-06
1.010460391172307570e-06
2.599537198830215168e-05
1.013160091781206695e-06
1.022595618446753285e-06
1.064514180124098708e-06
1.445567469587905052e-06
3.394656632261031093e-06
2.829790344589452888e-06
2.815542936740467184e-06
1.032949924772291750e-06
2.040564085187268617e-05
4.382185444504888006e-05
2.600486896150305816e-05
4.666379299161915739e-06
1.016118945977584342e-06
3.398416973943163555e-06
1.115717634003754455e-06
1.010564929293522596e-06
1.915222637700192410e-05
1.709999333041889447e-04
1.029948565237914782e-04
5.450808297297049521e-05
1.603148786305519380e-06
5.927986080891956000e-05
5.561803132397846738e-05
4.871065802772300835e-05
4.711435716853173972e-05
5.003793567745495885e-05
4.869099597532011714e-05
4.640473001835121458e-05
5.029286834340451762e-05
3.727386630691942315e-05
3.762073592042392001e-05
4.159905684808506976e-06
3.382007197849645763e-06
2.151035772349207953e-06
1.072479388797287214e-06
1.071984758654886960e-06
5.438431382190182795e-05
5.416435689776198659e-05
3.587194829348175351e-06
1.046043854946790419e-06
1.025854757363831027e-06
1.025958687783656842e-06
1.276168701158653107e-06
1.185375535062149766e-06
1.015285185257397416e-06
1.015494047490461682e-06
1.459156651241119707e-06
2.026655181134786460e-04
2.261954675025299594e-04
1.637430361856040406e-06
2.519234449577245627e-06
2.483563693145285356e-06
1.778230383411294468e-04
1.600782513122567252e-04
2.381099416370879851e-05
2.028311472282440242e-05
3.079266524430579466e-06
1.532043573365671207e-06
1.011649435889161452e-06
1.022876796700177005e-06
1.591547396667496173e-06
1.806826201239397633e-06
2.164003960303251262e-06
1.028206666954523119e-06
1.009993404603503424e-06
1.009997357506344132e-06
1.040894930816847752e-06
1.063381942514873835e-06
1.040968228380179106e-06
1.009999613824848139e-06
1.020762230435900975e-06
1.019904837473717407e-06
1.456539144841124955e-06
1.229065463639877898e-06
5.976847636778026551e-06
4.385148510040182135e-06
3.597148059461541258e-06
1.312652918222800835e-06
1.985847296936960049e-06
1.756847127450111845e-06
1.009999877379316966e-06
1.014221787101407535e-06
1.337525511703289982e-06
1.219522726973037985e-06
2.003600093780210506e-06
1.576144789244490751e-06
1.510393121875903966e-06
1.672007658916341288e-06
1.579749717539602472e-06
1.214415908078192441e-06
1.053820680496642126e-06
1.021956697266901415e-06
1.013217571815827611e-06
1.010480066038210722e-06
1.010118803744693150e-06
1.010575075909708742e-06
1.015759686782274906e-06
1.046245200651656215e-06
1.100726177750283030e-06
1.097919600567820453e-06
1.320707863301795459e-06
1.298094067181398970e-06
3.241842049417353877e-06
2.658783564757349893e-06
2.124935071040612300e-06
2.563590485914202244e-06
1.381028542718487628e-06
1.051909909816073352e-06
1.037580076107547100e-06
1.010013105085666441e-06
1.224124365781752155e-06
2.517844069960251119e-06
3.664491003640968358e-06
4.456195213206615158e-06
4.406064269171783288e-06
3.011686073517427786e-05
2.157913707298564354e-05
1.050025988241776176e-06
1.025469993087835263e-06
1.010007572165190493e-06
1.014355078349238326e-06
1.822682056333568834e-06
5.215578104920959301e-06
3.917327131078285340e-06
1.053774480375135880e-05
1.072595230569572955e-05
1.159821630264401549e-06
1.050143605518805145e-06
1.045138900618303168e-06
1.044657725823849859e-06
1.035718575570498956e-06
1.027661793491334297e-06
1.025562005541047483e-06
1.051803465906830937e-06
1.029490126425169905e-06
1.011663336472103103e-06
1.091638962429780646e-06
4.168790838624761991e-06
3.999641836061051947e-06
3.274906218264650448e-06
3.089616577106601980e-06
1.431718888472710560e-06
1.023931900517860427e-06
1.012173697467755318e-06
1.023514061261610042e-06
1.031936812556644156e-06
1.014773057722573313e-06
1.010225620268201396e-06
1.017283639326294065e-06
1.071068181601048108e-06
2.299273637199582276e-06
1.520477500061012677e-05
1.167530240039904577e-05
3.787508306535292135e-05
3.600791068390091221e-05
3.588469094920054836e-05
3.088003171666797719e-05
3.050918060992779957e-05
2.604739038384457084e-05
2.494443135767770992e-05
2.398220652425481214e-05
2.131870608573782633e-05
1.084986462202008894e-06
1.969904648001924441e-05
1.166981848238490826e-06
1.027785723306529064e-06
1.123267113501899561e-06
1.010005599337251408e-06
2.087847543824628005e-06
1.788931515376429582e-05
1.710737766755926481e-05
4.700852870478944290e-06
4.061167116646557940e-06
1.739782729645589221e-06
1.015867254094970917e-06
1.066955023470983477e-06
2.098058883126530105e-06
4.071169311552214065e-06
7.735708719730505223e-06
5.773543350538756780e-06
4.842554058324954891e-06
1.021247866606067589e-06
4.491295991615462668e-06
3.623733067226186932e-06
1.038924566071353084e-06
1.011749419524247962e-06
2.011826075078680665e-06
1.569847799198775817e-06
1.156325552059689343e-06
1.019561177206806946e-06
1.016140374586471662e-06
1.010050544107167492e-06
1.012188461145015206e-06
1.183668003967332238e-06
1.116550977372024467e-06
2.574666331414069559e-06
1.990807276345055166e-06
1.426518033731047352e-06
1.387545554772627587e-06
1.364484658803767625e-06
1.102013647225064119e-06
1.285405668044470318e-06
1.037427398153933922e-06
1.010058525730342383e-06
1.111314393301143788e-06
1.009999942012437692e-06
5.253402839952570069e-06
3.057399500350221899e-06
2.935576608298351431e-06
1.073124735070669217e-06
4.285281257326856164e-05
2.149178768454107491e-05
1.861892445961799147e-05
1.098254140866061768e-06
1.093641670406667044e-06
1.034444966158121204e-06
1.014086856394175173e-06
1.010196920920615471e-06
1.010732461634820945e-06
1.018243136747913613e-06
1.211966892004923135e-06
1.142421142290295233e-06
1.145029769951400045e-06
1.195924228730715910e-06
1.862897524351758705e-06
1.447075360455629678e-06
1.010358946201828090e-06
1.014657911552196978e-06
1.187729806404261290e-06
1.187821414353786020e-06
1.681120292531309429e-05
1.556279973675489883e-05
1.545458324813276524e-05
4.334419196736286062e-06
4.244520811459533138e-06
1.022611938968076561e-06
1.272595296059053638e-06
1.265084002555205700e-06
1.011693737951180339e-06
1.011427678121630536e-06
1.116664153129852399e-06
1.267556660078383857e-06
1.278164424661776266e-06
1.339231337382784659e-06
1.287518953063671034e-06
1.010059483785158418e-06
1.010037024309906606e-06
1.055423340556860268e-06
1.051529355755587147e-06
4.574484589348060126e-06
6.004318484909010323e-06
5.916275596290487826e-06
5.117935674342488639e-06
1.714923211947744219e-05
2.938418332883163675e-05
1.453128166653550046e-05
3.247749404905464488e-05
2.691047322292416943e-05
2.286324756717306173e-05
2.632586862058583499e-05
2.575992287934258940e-05
2.725396613184605243e-05
2.494995692270407517e-05
2.263610175079477926e-05
2.260405487453098772e-05
2.187537222964053285e-05
2.458286836029555111e-05
2.117909905607895382e-05
2.172702943367688100e-05
1.371161213148397451e-05
1.272226813847643356e-05
7.780195077328189157e-06
7.527439208065977994e-06
4.750035487166570647e-06
3.792009282493902234e-06
1.401094560517235355e-06
1.394974724740205563e-06
1.012894999909141891e-06
1.009999974108405582e-06
1.010413609447979866e-06
1.011923745325438162e-06
1.095345345314413521e-06
1.114024927417744948e-06
1.828428184273353518e-06
1.584265656945013645e-06
1.446210886015680819e-06
1.432585432361438427e-06
1.022592417215806293e-06
1.009999850506053644e-06
1.024364792046039696e-06
1.009999979036391177e-06
1.012271631462002830e-06
1.344063694980190959e-06
1.565804046810281847e-06
1.052262479997456701e-06
1.026280675912524809e-06
1.030043666002192215e-06
1.170355965474101367e-06
1.048982642723461645e-05
1.487832638555341980e-05
1.429726410059894981e-05
1.281504420885815065e-06
1.661314202969221832e-05
1.770225453920359904e-05
8.288174964905803410e-06
6.556593613749744920e-06
1.549299094349976258e-06
4.176044034853720888e-06
4.269944269802428138e-06
3.559139425041157878e-06
1.328315928195156204e-06
1.407605016073842918e-06
1.197957790376180665e-06
1.011010513595617111e-06
1.012780486309150518e-06
3.240927176156871425e-06
3.577598124436531801e-06
3.499763046546644496e-06
4.738944390731206213e-06
4.179029123222918751e-06
1.500752221492845928e-05
1.677287327327137145e-05
1.635800267758141802e-05
1.479256177074755874e-05
8.010538441009795729e-06
6.983686516137677103e-06
6.461233535259847116e-06
3.755685672512942830e-06
1.011427940955655913e-06
1.009999980105462165e-06
1.030420191616698844e-06
1.139086812262934956e-06
1.298205755041748066e-06
1.205290068737041587e-06
1.188028884595293544e-06
1.171353110396289310e-06
4.543000578088873809e-06
3.108690882988596194e-05
2.755352515629305721e-05
2.421994540136029883e-05
2.704702838954298194e-05
2.527209322653045653e-05
1.449403055137077345e-05
3.033152230269564598e-06
2.651968970618368004e-06
2.306131742575712185e-06
1.196927714559870015e-06
1.010055664984847723e-06
1.036794177960639884e-06
1.160508817378037849e-06
2.060804469405930206e-06
1.813437871672762824e-06
1.012350227286296089e-06
1.011874734738182902e-06
1.010053044502023933e-06
1.010251726012503792e-06
1.011875734023039153e-06
1.031117281197202473e-06
1.075389853888442104e-06
1.156487008158180174e-06
1.150367723412593080e-06
1.125094063830767155e-06
1.124752631781467116e-06
1.108513885905715313e-06
1.010000247214648539e-06
1.148084100642543515e-06
1.040831123177987649e-06
1.016724626018428168e-06
1.045335767675681371e-06
1.019721727800459998e-06
1.015421154715312468e-06
1.010005684087822431e-06
1.281606947262092788e-06
1.325452008121841274e-06
1.725126519804345837e-06
1.181268403788182653e-06
1.133516024820480084e-06
1.125478554436787348e-06
1.038123541102775604e-06
1.012398863936558868e-06
1.530996436738263355e-06
4.333534152065054990e-05
3.630129270049131662e-05
1.015624878166615508e-06
1.011586116095308796e-06
1.900069229883102895e-06
1.354826938243514078e-05
1.321007222565562245e-05
1.306881209786614484e-05
1.240645948510921137e-05
1.314496562188072204e-05
2.689107085801500929e-05
2.549101721446844770e-05
2.537816133488246528e-05
2.406977082219929898e-05
2.394450105147605257e-05
2.372098633438013415e-05
2.356979081227783546e-05
2.348947979510795925e-05
2.298119339413928763e-05
6.607390640442356577e-05
4.618365274547397981e-05
4.170761035432457575e-05
3.986971019728779986e-05
3.932581206883556391e-05
3.693238886415262101e-05
3.678040821347705602e-05
3.663070562054393520e-05
3.656755233957809104e-05
3.656186847658671191e-05
3.655803054561368448e-05
2.814271385145894477e-05
2.328417709535068880e-05
1.929966714833697417e-05
1.509198186513960316e-05
9.171596068890952580e-06
1.241851953548422927e-06
1.126087833459854526e-06
1.071623731412063574e-06
1.009999984056006890e-06
1.010725421503322341e-06
1.239664052361810764e-06
1.243441792699376269e-06
1.115699033549244490e-06
1.126215835256516584e-06
1.029947486408389068e-06
1.014129933391005878e-06
1.009999935480089745e-06
1.334806104216768041e-06
1.178223119242816086e-06
1.025920253416856553e-06
1.010000838751054308e-06
1.034751588737878314e-06
1.014985266062015667e-06
1.010000540517487491e-06
1.082642600874761385e-06
1.031316055083442151e-06
1.030008460078946086e-06
1.009999984056005619e-06
1.233594623617495500e-06
7.769032468046832562e-06
1.884906264928987163e-05
1.969801348078448200e-05
1.747781182967478308e-05
2.437898447199549068e-06
1.010656712097102172e-06
4.912922862088109355e-06
1.010418094735121564e-06
1.017097096406294199e-06
1.922419113176143668e-06
2.742465606164756764e-06
1.815517224600278479e-05
1.655783609367036946e-05
1.809352667386278368e-05
1.968801534335887227e-05
1.513815202404747429e-05
1.512707406650139197e-05
1.457533036028704765e-05
1.375160952970903849e-05
2.582965658238511875e-04
2.474410638410029506e-04
2.237880634826661108e-04
2.227759580837040954e-04
2.044027502861589518e-04
1.897107500006822711e-04
1.499327999713861992e-04
4.171388510616075296e-05
2.742107855082526191e-05
1.683644520696081504e-06
1.089162717515801404e-06
1.065108884978904769e-06
1.051537290602810870e-06
1.054223643444374137e-06
1.505913945903936124e-06
1.797689197780005799e-06
1.235520121406485927e-06
1.207315096202199456e-06
1.117485481816338222e-06
1.436181020192384139e-06
2.368672288977080598e-06
3.576723384246527360e-06
3.934419878476314025e-06
3.559817409626298002e-06
2.476866196532423459e-06
1.719688138033387270e-06
2.021553690348398824e-06
2.821475690556463078e-06
2.025324454896226811e-06
2.708114718918963604e-06
2.258641576435849174e-06
1.253529636452421769e-06
1.102241354383748373e-06
1.010050435359954868e-06
1.010274330462065939e-06
1.051815320191745728e-06
1.299137946511597086e-06
1.199856362826476341e-06
1.009999943599799670e-06
1.230385269505168688e-06
1.045859592957443240e-06
1.033170390157822638e-06
1.009999984056003502e-06
1.012184667470439337e-06
1.964173622524909707e-06
5.024079838267248022e-06
4.689866336837766880e-06
3.727855031776527994e-06
3.535040529883959337e-06
1.060611109077180814e-06
1.020797623050087588e-06
1.016022650573641939e-06
1.010017087743619868e-06
1.043811704458039169e-06
7.713205521509870766e-06
7.175191415999260247e-06
9.486363017049970203e-06
9.187246527604664426e-06
8.186897997745912203e-06
1.321926923480987170e-06
1.283012590863608082e-06
1.243287682223259694e-06
1.169277028117976513e-06
1.211186272840128475e-06
1.248286513433338740e-06
1.010149479859553251e-06
1.419652889460276679e-06
1.035025291695745864e-06
1.018904531191466845e-06
1.009999838677636852e-06
1.010289278495328513e-06
1.013417097399382794e-06
1.014128130812086415e-06
1.009999838677635794e-06
1.593913091069154575e-06
1.457575020180623682e-06
1.012086341614301666e-06
1.253327181115204692e-06
4.709942364934660564e-06
5.062581721919021116e-06
4.147920597219467709e-06
3.624070066488016550e-06
3.052793148639564025e-06
1.784072681770831892e-05
3.298765812235343597e-05
1.070889699537717898e-05
2.577180974702806410e-06
2.403730907822327484e-06
2.427687534556355331e-06
1.739633157527009644e-06
1.728229551023474642e-06
1.229635715027654896e-06
1.097032469032921398e-06
1.069281914095610020e-06
1.016574017326243862e-06
1.009995781313599033e-06
1.024904866934496506e-06
1.009995781315081764e-06
1.369273005613104444e-06
1.156486326121287933e-06
1.108836235652436997e-06
1.010463364981006862e-06
1.010058058414919913e-06
1.009995781312776564e-06
1.009995781312988322e-06
1.009995781313061802e-06
1.009995781313094201e-06
