8.150760352210184578e-07
8.055734848078088817e-07
8.055734630474375990e-07
8.055733983214352634e-07
8.055732648726277034e-07
8.055729121547727800e-07
8.055722109379104268e-07
8.055697903186498365e-07
6.906635403390593009e-06
6.906470313934598426e-06
6.905654674482786248e-06
6.905427491557536435e-06
6.904163583239253388e-06
6.902014345284979147e-06
1.541720919248613865e-04
1.540587019679059164e-04
1.536717201670898350e-04
1.642959131878306224e-04
1.639303208877420617e-04
1.576876407804679624e-04
1.498032721947044951e-04
1.627579990664599057e-04
1.559503435548392769e-04
1.361042746168853942e-04
1.118859375636160891e-04
7.595690688502049204e-05
5.144090841331661057e-05
3.523914140533823680e-05
2.208562909794542506e-05
2.208562909794542506e-05
9.169280319633182907e-04
1.907093920630008321e-03
2.038322902217696349e-03
2.721924596005920183e-02
3.795651449847832481e-02
4.111771665384003627e-02
3.217454174808988265e-02
2.442628240123620453e-02
2.159084779023566839e-02
1.937010871595674227e-02
1.050654389359783475e-02
8.936080202051719865e-03
1.012527222494885235e-02
1.107978157471285925e-02
7.078208742325106662e-03
1.049870289556827097e-02
1.035723310687556784e-02
9.555859599846304453e-03
8.526003636026659172e-03
6.710240265052737699e-03
5.673140048523842190e-03
3.262047995032387772e-03
2.353034945054392757e-03
1.603740691652703193e-03
6.400243745747760324e-04
1.388675064824471117e-04
7.852107230788864245e-05
4.698825419256931479e-05
2.518825111147166701e-05
2.096047901186965517e-05
1.987713235507889559e-05
8.903032293315800427e-06
4.412564284557961292e-06
5.266324384642709355e-07
1.655202517382783900e-07
3.530537642619513417e-09
1.254042689136092292e-09
1.659300842560273992e-09
1.061328844254028070e-09
2.859623510209630126e-10
1.075109081621894447e-10
2.051433502237021145e-11
1.270944807729712522e-11
9.820255719716897147e-12
1.059978320394616702e-11
2.666269982576352504e-12
1.832140342217236650e-12
1.807051036584184089e-12
1.398171509126022727e-12
1.282834949378752754e-12
8.485798869140026568e-13
5.352419896187399218e-13
2.695742934433198457e-13
4.990417801220559113e-13
1.031778829041485324e-13
1.342190247832775185e-13
4.424412225478846494e-14
3.211111931911148076e-13
3.739092369059449084e-13
1.382505221414476182e-13
7.757683384568281326e-14
3.767819389821625009e-14
6.702624566479187251e-14
4.130029651605582330e-14
4.168540512772267448e-14
4.570649414503691332e-14
2.548612362818225563e-14
3.012087107512328998e-14
2.894299383493503797e-14
3.065516590572414657e-14
3.146788385421928069e-14
2.672428250916070169e-14
2.379346719649788611e-14
8.137154144938207878e-15
2.295802437046745581e-13
7.993605777301127091e-15
5.275294090445470374e-15
7.107162081076978666e-15
5.362897625982299132e-15
4.918287999089443474e-14
5.174298690357381693e-11
1.680600103526330713e-13
1.626199175319698043e-13
1.010025396652736163e-13
8.344713808838832847e-14
7.244205235679146426e-14
6.334061938755648942e-14
1.318389841742373392e-14
5.016820292524926117e-15
5.329070518200751394e-15
6.355159454241032790e-15
2.079052194617868332e-14
8.278100427361323455e-15
7.386959645585796765e-15
7.105427357601001859e-15
6.876443858772063322e-15
5.689893001203927270e-15
7.549516567451064475e-15
5.085272677822131162e-15
5.769690281098860396e-15
5.669076319492205585e-15
4.440892098500626162e-15
6.522560269672794675e-15
6.507598279692494714e-15
9.556591629156230283e-15
7.993605777301127091e-15
7.177889917816586432e-15
9.423017921506016137e-15
7.105427357601001859e-15
7.105427357601001859e-15
6.474872893768806353e-15
7.456892667635859479e-15
5.306513316131320130e-15
6.111430805866291394e-15
5.773159728050814010e-15
7.105427357601001859e-15
9.549652735252323055e-15
7.098684541898216650e-15
7.105427357601001859e-15
8.210446211798227978e-15
5.911937606128958578e-15
4.600486658290492414e-15
5.329070518200751394e-15
5.412337245047638135e-15
9.769962616701377556e-15
8.881784197001252323e-15
6.661338147750939243e-15
4.884981308350688778e-15
5.329070518200751394e-15
7.412517312978366129e-15
8.437694987151189707e-15
5.575401251789458001e-15
7.594939344522286771e-15
5.375908052052125186e-15
5.981326545168030862e-15
9.600827077793638864e-15
7.105427357601001859e-15
7.105427357601001859e-15
7.410738689372919907e-15
4.884981308350688778e-15
7.387178451401429292e-15
5.840592868014676114e-15
8.671015294670070261e-15
9.769962616701377556e-15
4.635181127810028556e-15
6.507273019040749062e-15
4.551697560528644715e-15
4.614364446098306871e-15
4.538036613155327359e-15
6.538172780956585939e-15
6.408068520258325407e-15
7.549516567451064475e-15
6.661338147750939243e-15
7.744026262078116416e-15
7.218401223973991421e-15
5.578870698741411616e-15
9.839351555740449840e-15
8.687848794021161249e-15
1.211712993846850617e-11
1.209633198466848317e-11
1.195501585829237589e-11
1.157031497746227459e-11
1.075915654167950936e-11
9.890077561095805987e-12
9.105181371770909202e-12
7.128641977489711190e-12
6.397874048246859350e-12
4.471175177695402740e-12
3.719488434869711301e-12
2.394548523861281365e-12
1.606096375397907115e-12
3.314276934938179778e-13
2.902449978542537493e-13
7.993605777301127091e-15
8.881784197001252323e-15
5.551115123125782702e-15
7.771561172376095783e-15
7.549516567451064475e-15
5.773159728050814010e-15
7.525230438787389176e-15
4.884981308350688778e-15
5.773159728050814010e-15
6.148205588304284097e-15
5.773159728050814010e-15
7.105427357601001859e-15
6.838686518115255630e-15
6.959958130997785132e-15
6.661338147750939243e-15
9.410724449269036745e-15
5.686965655338216408e-15
7.105427357601001859e-15
5.303923804062665726e-15
5.729734042910980540e-15
7.575476486158073475e-15
1.154631945610162802e-14
7.324743669402927065e-15
4.338543413417994543e-15
7.993605777301127091e-15
7.105427357601001859e-15
6.662774715629482536e-15
1.001550984481387394e-14
5.156387605309911693e-15
7.105427357601001859e-15
5.386990617899110650e-15
4.715351102201753575e-15
8.881784197001252323e-15
1.065814103640150279e-14
6.661338147750939243e-15
5.019337383276590279e-15
7.105427357601001859e-15
7.105427357601001859e-15
6.498893375033121473e-15
8.280456250980764278e-15
6.661338147750939243e-15
9.325873406851314940e-15
7.993605777301127091e-15
4.792322540837138620e-11
3.058593266460213921e-11
2.435499836026804839e-11
8.192962990239822084e-12
8.437694987151189707e-15
7.105427357601001859e-15
6.929474050500813304e-15
5.289447163961142478e-15
8.498016967885496740e-15
9.720182971516014881e-09
3.300210062421091044e-09
1.795815223650091943e-09
9.468521219646786795e-15
5.107025913275720086e-15
7.081384188426845635e-15
6.010757790181345196e-15
6.953524091891498618e-15
9.835480562231938484e-15
8.081758719583368670e-15
6.872165707113718665e-15
3.259959215002453313e-09
1.188509492282542930e-09
8.592213730276873809e-10
8.350135885362543384e-10
7.836627493198158018e-10
6.648346721844024196e-10
4.076180678412279351e-10
1.504509826191547628e-10
7.759958303306369563e-15
7.214672584940177991e-15
8.725030585716476994e-15
6.661338147750939243e-15
6.383251831332313695e-15
5.329070518200751394e-15
5.431188651503052233e-15
7.105427357601001859e-15
8.921487251747241948e-15
4.362416300151901107e-08
8.318310463166229147e-08
4.078918258990220670e-08
4.822770126506649435e-15
7.463676395691741560e-15
7.105427357601001859e-15
7.105427357601001859e-15
6.661338147750939243e-15
4.131950259135903873e-08
7.071440083169641212e-10
6.661338147750939243e-15
3.655726797700637127e-08
6.993230763071126325e-15
7.278888475394686548e-15
6.082753727887221256e-15
7.549516567451064475e-15
5.812446386693889341e-15
5.329070518200751394e-15
6.913925682110441852e-15
1.022607305048777121e-14
7.105427357601001859e-15
6.278346853754427801e-15
5.584325167405255683e-15
6.630135617878573257e-15
5.329070518200751394e-15
7.411546077207775766e-15
5.757162154265711961e-15
4.880221853394094208e-09
3.582988567291378772e-09
1.711349414782283446e-09
1.311544135157638411e-09
6.111464960271838925e-10
1.538137294656137991e-10
6.575277763768433880e-11
8.912846708356970233e-15
5.773159728050814010e-15
8.394399745085233400e-15
9.325873406851314940e-15
4.876915966506051737e-15
4.551914400963141816e-15
4.656271599687060393e-15
6.611988608654307265e-15
6.783538108743659457e-15
7.549516567451064475e-15
6.041587350932955922e-15
6.217248937900876626e-15
4.073049962295978280e-15
7.105427357601001859e-15
5.564404964189084268e-15
5.329070518200751394e-15
8.300473955630098544e-15
7.105427357601001859e-15
4.218847493575594854e-15
4.311802397984719070e-15
5.823071567984247285e-15
4.524357692801660451e-15
7.434716974499827472e-15
8.594340542178186009e-15
7.105427357601001859e-15
7.544904158724632039e-15
7.547656483098894031e-15
7.362689157253143619e-15
5.778872700582248249e-15
3.752348884262848970e-08
8.358248378896419861e-15
3.090505135663563373e-07
2.956132989281020576e-08
5.329070518200751394e-15
5.942645938598715982e-15
1.110223024625156540e-14
5.773159728050814010e-15
4.884981308350688778e-15
8.825454711750695147e-15
8.580362123195963531e-15
7.700197777616687492e-15
7.105427357601001859e-15
6.217248937900876626e-15
5.457640849380829304e-15
5.302890423867015479e-15
5.787091271638301297e-15
4.918808416132236516e-15
6.439293542825907934e-15
6.661338147750939243e-15
5.254756929606342608e-15
7.105427357601001859e-15
6.371662197152388324e-15
9.035612740475723762e-15
6.217248937900876626e-15
8.808738361957254559e-15
6.008433530119718171e-15
4.977948986082832038e-15
7.105427357601001859e-15
9.090386967872991519e-15
5.495488646373522732e-15
3.913033031677633264e-15
6.386308920477103499e-15
6.594309576861593149e-15
8.550110182355905855e-15
5.881676930571825071e-15
5.773159728050814010e-15
7.105427357601001859e-15
8.437694987151189707e-15
7.549516567451064475e-15
7.144152009883573962e-15
7.105427357601001859e-15
7.231039797616889161e-15
6.661338147750939243e-15
6.620389186948877347e-15
7.285546010223883612e-15
1.021405182655144017e-14
6.928223407801758401e-15
4.884981308350688778e-15
6.662859743179008087e-15
6.908522372913122964e-15
6.890557015860096068e-15
6.188151561180762170e-15
5.329070518200751394e-15
6.036044211816168621e-15
7.105427357601001859e-15
5.621862186851548651e-15
8.392947547629015917e-15
1.010286500944561630e-14
5.547496439556434721e-15
5.389160358554361239e-15
9.213337723128910889e-13
8.195246695780067782e-13
6.678487555914468153e-13
5.461847284910199532e-13
5.437675743128326591e-13
4.673021318546117314e-13
5.329070518200751394e-15
7.716415815300959931e-15
7.771561172376095783e-15
5.878073228897731650e-15
7.582760479813537827e-15
7.045337146256887284e-15
1.021405182655144017e-14
8.481456557457351613e-15
7.252187541825172944e-15
6.217248937900876626e-15
1.021405182655144017e-14
1.085047154024839603e-14
6.561013672888898389e-15
5.868502524217366506e-15
5.064172726455279467e-15
9.325873406851314940e-15
5.773159728050814010e-15
6.975632144814480939e-15
6.811332189616802714e-15
4.440892098500626162e-15
7.993605777301127091e-15
6.125102341151449428e-15
8.059706659343230676e-15
7.105427357601001859e-15
7.425859334249068764e-15
1.190890301655509664e-14
5.097609138886180660e-12
4.734691674919816038e-12
3.716943577452421038e-12
7.105427357601001859e-15
8.296331117485077761e-15
8.126193538600737232e-15
6.550941662842920995e-15
6.397850191060974120e-15
8.533154329757328474e-15
7.105427357601001859e-15
5.322131624296844166e-15
6.734672989774795684e-15
5.497887519780763265e-15
5.228349223292172927e-15
6.514510068542089805e-15
1.199040866595169064e-14
6.650674002945007601e-15
5.315780938526523395e-15
7.101886189126856222e-15
8.291906111489502889e-15
9.111329596311575681e-15
6.102968721730094319e-15
6.892112274230373370e-15
6.909840673816405876e-15
5.780369672497842615e-15
5.482854938206988029e-15
5.329070518200751394e-15
7.704928478547388992e-15
6.574551249582575911e-15
5.767595183154135062e-15
6.661338147750939243e-15
7.105427357601001859e-15
6.535227230706749163e-15
1.021405182655144017e-14
5.753254612609015562e-15
8.437694987151189707e-15
7.105427357601001859e-15
7.549516567451064475e-15
5.329070518200751394e-15
5.440407916919645648e-15
7.105427357601001859e-15
8.315362143728965911e-15
7.987661003946637117e-15
8.014123522556917012e-15
1.065814103640150279e-14
8.071868894412944855e-15
6.477973130308708148e-15
6.355586385316228559e-15
6.530695597614698603e-15
6.217248937900876626e-15
4.302702061287876079e-15
7.611318632381579991e-15
8.824913981406124971e-15
7.105427357601001859e-15
7.989308779159706025e-15
1.021405182655144017e-14
7.294528945383182104e-15
3.843288730057143911e-15
5.773159728050814010e-15
6.835523763264657077e-15
7.760847899659223392e-15
4.329869796038110508e-15
4.653377165683561791e-15
7.105427357601001859e-15
8.307430531346779706e-15
5.329070518200751394e-15
5.329070518200751394e-15
5.065908518648607693e-15
4.994949901826820082e-15
7.397040697543049977e-15
7.196566825558698793e-15
5.588049992722854937e-15
7.242494414414149951e-15
8.502106138552375082e-15
5.201924334782319294e-15
4.399258735077182791e-15
5.614371543626733851e-15
5.426527588012989428e-15
9.325873406851314940e-15
8.630170032687212974e-13
7.898324311613911727e-15
4.856130625013378461e-15
6.696200185037424539e-15
7.105427357601001859e-15
7.735705682281742715e-15
6.661338147750939243e-15
7.327471962526033167e-15
7.176814870879120664e-15
8.452224355053679535e-15
7.864497913553329560e-15
6.293024303530176872e-15
1.065814103640150279e-14
4.624279950263666782e-15
7.105427357601001859e-15
8.881784197001252323e-15
5.174814039453820547e-15
5.497818883642256065e-15
6.677938047988322804e-15
6.661338147750939243e-15
7.993605777301127091e-15
1.154631945610162802e-14
4.551914400963141816e-15
6.260221018699481942e-15
5.329070518200751394e-15
7.259524250046714075e-15
5.205564346376581343e-15
9.325873406851314940e-15
5.564212388063880644e-15
5.107025913275720086e-15
5.184957717668840454e-15
5.712844841217440232e-15
6.759613906339561835e-15
5.995204332975845318e-15
5.604386083969789718e-15
5.696209056230722895e-15
1.243322000914117316e-14
6.966431553827396521e-15
8.750063124114611968e-15
6.217248937900876626e-15
4.792797084809557768e-15
4.218847493575594854e-15
5.829602645302553620e-15
5.995204332975845318e-15
5.551115123125782702e-15
5.329070518200751394e-15
5.671295545814011851e-15
6.459576593780859410e-15
6.126502354264362778e-15
6.676763212256505324e-15
6.272063783381738341e-15
7.575783906178367583e-15
6.661338147750939243e-15
4.916512956845177362e-15
7.477228086981801380e-15
5.358634349306114863e-15
5.862711441020688884e-15
6.509384313181868185e-15
5.995204332975845318e-15
5.998094566556193376e-15
4.440892098500626162e-15
7.193317613790476198e-15
6.630825835579660979e-15
5.710930864394000734e-15
9.284872112606643498e-15
3.774758283725532237e-15
5.581305478404681851e-15
7.549516567451064475e-15
7.105427357601001859e-15
7.105427357601001859e-15
7.353925648501732221e-15
6.217248937900876626e-15
5.685861352676845865e-15
6.374745820596867604e-15
5.765775453635328630e-15
7.105427357601001859e-15
7.993605777301127091e-15
5.827892342679801215e-15
1.004987311121614384e-14
5.557674980745936747e-15
7.399064987172979547e-15
8.437694987151189707e-15
5.304917267830676613e-15
7.958616540315946453e-15
5.526584625456824537e-15
8.437694987151189707e-15
4.612612922584089112e-15
7.669154068489883219e-15
7.629654632523479648e-15
7.693506446669203350e-15
7.993605777301127091e-15
7.105427357601001859e-15
8.664127672729251520e-15
1.065814103640150279e-14
7.105427357601001859e-15
1.065814103640150279e-14
6.165979021877610675e-15
8.437694987151189707e-15
5.065446464657422309e-15
6.661338147750939243e-15
6.214074519596845922e-15
1.073768928199249825e-14
5.329070518200751394e-15
6.661338147750939243e-15
4.662936703425657470e-15
7.250053045267871709e-15
5.204558322698149450e-15
8.294892705820949087e-15
5.959085365797264257e-15
5.225840359607795383e-15
6.217248937900876626e-15
5.402059347265654454e-15
6.217248937900876626e-15
4.771587500578679520e-15
9.325873406851314940e-15
9.371503071719904099e-15
9.443695689814388117e-15
7.114655874205566067e-15
6.661338147750939243e-15
7.105427357601001859e-15
1.065814103640150279e-14
4.885386016391547697e-15
5.143350348809736869e-15
7.247058476088139888e-15
7.715097527218976514e-15
4.899810380332718818e-15
6.003558757280571932e-15
6.661338147750939243e-15
6.998501624108763221e-15
6.207406574079254420e-15
7.057306244166147375e-15
6.083223232294183904e-15
6.741888003184618014e-15
8.437694987151189707e-15
5.329070518200751394e-15
7.216437219267104715e-15
2.474187200648489387e-12
3.736961038949532701e-13
4.933640166525090003e-15
9.249493057865605661e-15
7.105427357601001859e-15
7.105427357601001859e-15
5.887939468667349741e-15
7.105427357601001859e-15
5.602318347505366413e-15
7.549516567451064475e-15
4.252678607392849186e-15
6.738873917505513616e-15
6.150424722809042371e-15
7.993605777301127091e-15
5.188553317522424225e-15
7.991005951117414763e-15
7.105427357601001859e-15
6.461933039440120874e-15
4.857244367459899459e-15
7.993605777301127091e-15
8.706395538896828950e-15
7.553788824620364079e-15
7.967551957050981071e-15
6.094715669443411844e-15
5.773159728050814010e-15
8.455589641768539246e-15
9.048859424217745986e-15
6.013193001632895184e-15
7.105427357601001859e-15
7.362672110715080126e-15
7.097289673848713380e-15
4.298404216113507759e-15
4.408479747499229918e-15
8.750277461500575484e-15
8.514375397558463822e-15
5.214192155321322804e-15
6.706377633943199496e-13
6.661338147750939243e-15
5.631570322627605805e-15
7.105427357601001859e-15
7.105427357601001859e-15
8.873036252480246723e-15
7.105427357601001859e-15
3.634196977776943741e-15
5.408298997273629782e-15
6.319881170157733766e-15
8.088097384765027820e-15
7.030107905801200015e-15
1.070261007422645144e-14
6.496893627024785738e-15
5.329070518200751394e-15
7.398437880457497476e-15
4.921312245524320228e-15
5.728668898979808258e-15
7.993605777301127091e-15
1.154631945610162802e-14
7.105427357601001859e-15
7.105427357601001859e-15
7.985207951863635586e-15
7.135945954690574300e-15
6.099973414705256100e-15
7.105427357601001859e-15
6.717906396100370436e-15
5.035479179310213398e-15
5.641959830235280041e-15
6.887162743082211273e-15
7.004694970200409055e-15
7.164049229059244978e-15
6.332054936538777240e-15
7.105427357601001859e-15
7.993605777301127091e-15
7.215888352463836739e-15
5.329070518200751394e-15
5.861383429017014600e-15
6.786714469060973283e-15
7.676818419643334154e-15
5.760499338346440797e-15
8.549046361913713657e-15
5.380413416576258053e-15
4.971815627129208549e-15
5.134319154485935961e-15
6.478677957673774782e-15
4.797942024142545717e-15
6.397849438326616697e-15
5.568856499521264940e-15
7.360392533295781990e-15
6.631647691796047126e-14
5.489461712477510316e-14
5.129568433468304962e-14
4.922969833084687485e-14
4.287217948122051623e-14
7.049575288843363977e-15
5.617966927172587439e-15
6.163366101631596785e-15
6.200384501994876156e-15
6.477082660453127463e-15
6.661338147750939243e-15
7.615875854926265338e-15
6.373694864467561831e-15
7.105427357601001859e-15
3.877259487678228833e-15
8.437694987151189707e-15
8.706613164532522517e-15
7.549516567451064475e-15
6.018606106303027925e-15
3.987121513821683706e-15
6.479376184137553243e-15
7.105427357601001859e-15
6.205839215090591232e-15
4.884981308350688778e-15
5.554559713300329098e-15
7.105427357601001859e-15
4.521812181778510192e-15
5.329070518200751394e-15
5.329070518200751394e-15
6.975206879887834004e-15
9.610514637865549069e-15
5.191937260468819457e-15
7.792290740388787059e-15
7.993605777301127091e-15
7.126371420163973035e-15
6.014376923736946406e-15
6.986344504323957071e-15
5.267180845744379775e-15
6.015955768335210046e-15
7.057651635498870423e-15
1.735008672466455985e-12
1.531998124369936430e-12
1.436340795243767593e-12
1.956779568786185539e-14
5.730567862475129919e-15
4.914502390968790659e-15
4.973009551501226763e-15
4.804569929568996284e-15
7.608936363797955847e-15
7.105427357601001859e-15
5.329070518200751394e-15
5.302389827395188188e-15
6.170564932907095740e-15
5.995204332975845318e-15
7.993605777301127091e-15
9.077951627750309536e-15
1.154631945610162802e-14
7.105427357601001859e-15
6.481258519648201363e-15
5.329070518200751394e-15
9.351207255713739705e-15
4.780999305517734453e-15
7.613127269408372086e-15
5.933073619261795134e-15
5.607014390188787401e-15
8.437694987151189707e-15
6.247748053232662219e-15
7.105427357601001859e-15
9.745184361895347508e-15
6.503289292395275305e-15
8.724762923305144635e-15
1.003299599297699171e-14
1.065814103640150279e-14
7.105427357601001859e-15
5.342595093269560808e-15
7.993605777301127091e-15
6.383287724353453596e-15
5.862256154607685104e-15
4.191923292378224612e-15
6.457373975591391983e-15
7.435198219908404698e-15
7.793162789966101953e-15
8.074169334568062497e-15
8.525777928240118220e-15
7.105427357601001859e-15
7.105427357601001859e-15
7.061772841216511719e-15
7.561530133299653661e-13
5.577385002951927573e-15
5.773159728050814010e-15
8.881784197001252323e-15
4.662936703425657470e-15
9.103828801926283631e-15
6.661338147750939243e-15
6.173636940254232938e-15
5.033421153119000853e-15
8.767211799131420360e-15
7.281516146959359249e-15
5.549599887062263166e-15
6.110924280163833322e-15
5.594747484304746221e-15
7.105427357601001859e-15
1.065814103640150279e-14
7.105427357601001859e-15
1.021405182655144017e-14
1.110223024625156540e-14
7.105427357601001859e-15
7.792215430557097781e-15
9.325873406851314940e-15
7.105427357601001859e-15
8.263767917898068438e-15
7.393854318414156909e-15
6.708910376804937733e-15
6.208044841322356209e-15
6.943262158695337211e-15
8.881784197001252323e-15
7.105427357601001859e-15
6.462157291412906450e-15
8.881784197001252323e-15
8.754407210339583227e-15
6.464708898757171225e-15
4.788708678457565424e-15
6.035706798847248800e-15
5.551115123125782702e-15
6.700875951662875474e-15
6.217248937900876626e-15
5.288217114957412849e-15
7.105427357601001859e-15
7.993605777301127091e-15
9.055469149868693862e-15
5.314809938502407610e-15
8.557030068890107533e-15
7.568935980635145261e-15
6.521796245954371296e-15
9.040361166646181354e-15
5.511634079599708586e-12
8.346465303567165289e-15
6.466116535166609863e-15
7.278807448090603304e-15
8.406413821974276827e-15
8.926119383768200098e-15
7.105427357601001859e-15
7.836517164485712686e-15
7.808978746941936094e-15
5.411096090317004368e-15
7.004317034687256027e-15
8.881784197001252323e-15
5.329070518200751394e-15
4.440892098500626162e-15
7.105427357601001859e-15
5.177337906469062744e-15
4.218847493575594854e-15
7.099790685243245277e-15
7.105427357601001859e-15
7.105427357601001859e-15
6.400788903008686920e-15
6.661338147750939243e-15
9.325873406851314940e-15
7.105427357601001859e-15
5.329070518200751394e-15
7.621801219314862368e-15
9.277572345650873526e-15
6.549444142506580507e-15
1.302267012629323868e-14
9.325873406851314940e-15
7.771561172376095783e-15
6.661338147750939243e-15
6.661338147750939243e-15
7.597644979514053820e-15
5.600016560286621228e-15
6.217248937900876626e-15
7.105427357601001859e-15
8.346615334277947707e-15
7.262011244658971108e-15
6.661338147750939243e-15
7.105427357601001859e-15
6.995728264738319159e-15
7.393238141649698808e-15
5.504753621790765827e-15
7.105427357601001859e-15
6.077274402445969970e-15
1.065814103640150279e-14
1.065814103640150279e-14
9.833270706212111217e-15
9.325873406851314940e-15
7.549516567451064475e-15
7.993605777301127091e-15
4.690134931361993054e-15
7.105427357601001859e-15
7.995868271166029322e-15
7.105427357601001859e-15
6.661338147750939243e-15
1.065814103640150279e-14
6.473519378132485834e-15
7.123483671434185086e-15
7.105427357601001859e-15
7.324957848797393583e-15
7.297656402782681795e-15
6.099065635268177130e-15
6.476252978446402075e-15
5.885372927404305934e-15
7.534882273342233521e-15
7.105427357601001859e-15
5.107025913275720086e-15
4.884981308350688778e-15
6.420779970167550294e-15
7.105427357601001859e-15
8.437694987151189707e-15
7.570219746747854084e-15
8.561571430660137483e-15
9.325873406851314940e-15
5.773159728050814010e-15
8.437694987151189707e-15
7.033537977301634880e-15
4.808592780203082575e-15
1.065814103640150279e-14
4.384692139084044403e-15
9.769962616701377556e-15
7.105427357601001859e-15
4.884981308350688778e-15
7.057085751315655546e-15
6.575804972495436808e-15
7.105427357601001859e-15
5.771303921876771691e-15
7.317632190881655548e-15
6.890816846111798468e-15
3.552713678800500929e-15
6.288896521726665779e-15
1.021405182655144017e-14
7.279980299209336116e-15
7.732543181995977675e-15
7.105427357601001859e-15
1.065814103640150279e-14
8.421186526767440207e-15
1.065814103640150279e-14
8.236458191598629840e-15
7.105427357601001859e-15
1.065814103640150279e-14
1.421085471520200372e-14
1.421085471520200372e-14
1.776356839400250465e-14
1.421085471520200372e-14
1.421085471520200372e-14
9.561288860084601203e-15
6.726821891017532328e-15
7.722028933897569218e-15
7.491975367758452484e-15
6.439293542825907934e-15
7.007035865691335135e-15
6.641484646725002879e-15
1.603046180962341618e-14
1.599138761232067509e-14
1.679271274764519594e-14
1.580416849901548588e-14
1.289583325217561976e-14
1.018275480618334103e-14
1.184112157895942929e-14
8.558366124811648590e-15
7.549516567451064475e-15
6.217248937900876626e-15
7.105427357601001859e-15
7.752241657794593026e-15
6.731903320250269068e-15
7.726195000928551715e-15
6.063885093741189516e-15
7.662740660302049544e-15
5.403003120639908056e-15
8.228819203457121007e-15
9.103828801926283631e-15
6.439293542825907934e-15
8.176016751301414278e-15
4.728039655751622994e-15
3.740686687824693426e-15
7.993605777301127091e-15
7.743680300404361012e-15
7.105427357601001859e-15
8.881784197001252323e-15
7.630803472243391271e-15
5.773159728050814010e-15
4.884981308350688778e-15
6.479534540421201007e-15
6.538625126328921787e-15
7.993605777301127091e-15
7.365634820206338855e-15
6.290497223745435519e-15
5.453204797579313868e-13
4.502162835214324571e-13
5.773159728050814010e-15
7.549516567451064475e-15
5.895791464088397105e-15
7.428616848354493914e-15
6.661338147750939243e-15
5.344422768685331423e-15
6.208955214797836145e-15
5.775074700799711022e-15
8.529730998124524691e-15
6.575335805578164081e-15
7.105427357601001859e-15
6.709153197328113899e-15
7.105427357601001859e-15
1.617756346144907467e-13
1.516646574464321841e-13
1.078489213867248098e-13
9.781146221833005760e-14
8.828913514645924005e-14
7.799637514571202347e-14
5.349129341998335671e-14
4.955081687732952812e-14
3.312826005549841339e-14
1.199040866595169064e-14
5.329070518200751394e-15
7.191682443155581373e-15
6.112933938623088054e-15
5.993469609499868511e-15
6.216616204289277664e-15
4.969300035849199793e-15
7.127614962137854629e-15
8.243906342555377791e-15
7.454775932300670982e-15
7.105427357601001859e-15
7.105427357601001859e-15
5.802486175897962777e-15
7.105427357601001859e-15
7.105427357601001859e-15
7.034900006280819795e-15
5.551115123125782702e-15
4.042774048624395475e-15
7.105427357601001859e-15
5.192080197278668621e-15
6.217248937900876626e-15
7.105427357601001859e-15
7.105427357601001859e-15
8.437694987151189707e-15
7.832045487719206654e-15
5.980280980601957709e-15
9.752094033162574463e-15
4.877260950452323103e-15
6.059963927592623756e-15
8.084768545282318419e-15
7.017645771437321061e-15
5.988703234130503977e-15
7.562420508285889892e-15
7.353378771274632587e-15
7.201288212022112640e-15
6.191027338952725251e-15
7.105427357601001859e-15
4.841482260148737674e-15
6.219305814517832876e-15
5.565669817644267678e-15
9.275055069610752153e-15
4.351122557442602798e-15
9.262203171050960662e-15
8.437694987151189707e-15
5.689286763841709606e-15
7.105427357601001859e-15
4.936678323160019694e-15
5.107025913275720086e-15
7.105427357601001859e-15
7.105427357601001859e-15
7.538476340016551924e-15
5.408560647736270105e-15
4.845513384656901026e-15
8.642716770935251341e-15
7.105427357601001859e-15
6.375752728944964622e-15
7.223645458067710235e-15
7.715797605326556174e-15
6.051974406777294550e-15
6.252003546759667824e-15
5.538267764133192903e-15
7.781638323349580194e-15
7.626605035980678349e-15
6.905926625557011135e-15
6.416624642629255726e-15
1.017152367869834104e-14
6.079413491510032100e-15
7.848015213228216186e-15
6.934367219216397263e-15
5.542835362831482115e-15
9.034293326187336354e-15
7.105427357601001859e-15
4.662936703425657470e-15
6.870813260194749564e-15
4.440892098500626162e-15
5.086075823874805849e-15
1.172351705460133314e-14
7.105427357601001859e-15
5.773159728050814010e-15
8.012545562628318499e-15
5.490207524987567728e-15
5.835072837842661707e-15
8.259087414629634871e-15
6.379940264001179861e-15
5.630878334346416913e-15
7.120733242957887066e-15
6.488326586076564872e-15
9.826999896724051324e-15
5.551115123125782702e-15
9.325873406851314940e-15
6.185782300219065575e-15
6.739614513814628268e-15
6.058088058980004575e-15
1.113385422133730471e-14
6.487043437040593014e-15
6.454573170161428258e-15
7.424306016444508512e-15
5.685938123516292064e-15
7.105427357601001859e-15
7.105427357601001859e-15
