5.677315277815537229e+02
2.841569076474470421e+02
1.424185436558609581e+02
7.162792062949867500e+01
3.629851772795106513e+01
1.873640303572274846e+01
1.046278747353608374e+01
8.075314446714159544e+00
7.584231567766417825e+00
7.583112269796722593e+00
7.583085696355842842e+00
7.583085389767367346e+00
4.786167503256810107e+01
2.634098626874843774e+01
1.572280428862702095e+01
1.100798447709421168e+01
9.119644751216814171e+00
8.303077797248398895e+00
7.984101656675003156e+00
7.856224335894376409e+00
7.805616457190302171e+00
7.784177274869576557e+00
7.771578377944788230e+00
7.757293010966949787e+00
7.714223751626254177e+00
7.688683232431307246e+00
7.677307476887357041e+00
7.671686670857704726e+00
7.668909703115658338e+00
7.667528991377180247e+00
7.666868355398536394e+00
7.666581788919318186e+00
4.012130563918373127e+01
2.261535604842487857e+01
1.394352965625857799e+01
1.023233665585810925e+01
8.844175096442189243e+00
8.297789277745049930e+00
8.028148265099799730e+00
7.887003480526547428e+00
7.821286387691465336e+00
7.767018185589121160e+00
7.636476002865728141e+00
7.585642330318110638e+00
7.572156210387908537e+00
7.569808343961362596e+00
7.569391345192085119e+00
7.569216847526403669e+00
7.569127495459586186e+00
2.760535922556392308e+01
1.609290530644393513e+01
1.101980254326946529e+01
9.070483194218290635e+00
8.266595353155157255e+00
7.933095142872348404e+00
7.797344554604124234e+00
7.743228560852688069e+00
7.719492023377229728e+00
7.708251475303752542e+00
7.702972900938640066e+00
7.700758069594127342e+00
7.700021865059575532e+00
1.516693016596553356e+01
1.048297941607589934e+01
8.684639832492250022e+00
8.023333980560925838e+00
7.765339208135417337e+00
7.659730438986082746e+00
7.608896460017751551e+00
7.585548494755075311e+00
7.575024279495638169e+00
7.569741279020613334e+00
7.567591016697179818e+00
7.566906395388937057e+00
7.566733676662180663e+00
8.538122752076944266e+00
7.912659775131764661e+00
7.722369939912362646e+00
7.641170036679482358e+00
7.602273493992928621e+00
7.572618676351681621e+00
7.555730127302777710e+00
7.547868108540606080e+00
7.544645141389009879e+00
7.543346896103823696e+00
