7.543346866421874353e+00
7.543346867469404415e+00
7.543373134137239866e+00
7.543445031285914482e+00
7.543582622547232219e+00
7.543917535238222172e+00
7.544390271894088507e+00
7.545635864205594956e+00
7.549080909483954827e+00
7.555147450319927849e+00
7.579053621236671923e+00
7.582989201537797541e+00
7.606389006452698887e+00
7.636395858874664988e+00
7.682422368899743503e+00
7.728602500986792911e+00
7.866340346358139612e+00
7.999800616124228547e+00
8.061916735545104018e+00
8.268084887605841260e+00
8.486769923235428337e+00
8.679283047473100865e+00
8.825751876539808194e+00
9.279987642117180968e+00
9.903069654525413767e+00
1.061802121252365616e+01
1.126715729501943741e+01
1.192118410831358233e+01
1.290694071082218208e+01
1.290694071082218208e+01
1.287895667596693094e+01
1.287332540277230208e+01
1.290612871605262413e+01
1.290272911787726962e+01
1.382849229313366379e+01
1.383611936873963622e+01
1.501463721214776470e+01
1.501828773673286577e+01
1.659212738559878630e+01
1.725945973404800071e+01
1.939314894697321279e+01
1.941423895042630221e+01
1.956962456323796573e+01
1.941973876457539561e+01
2.254619881193076836e+01
2.394002243486787762e+01
2.412996136186917795e+01
2.461183460078922280e+01
2.560000867159838833e+01
2.556121475700320289e+01
2.560397770453765531e+01
2.485295662665272687e+01
2.592482597184558557e+01
2.749390619389276935e+01
2.734348738732618500e+01
2.735464856289390667e+01
3.207959341801112174e+01
3.199791386856240649e+01
3.174454459584008248e+01
3.172929349337037408e+01
3.139939576500392349e+01
3.134146709963419752e+01
3.130432529085560844e+01
3.145697890632441585e+01
2.711292739139224750e+01
2.624428679820749721e+01
2.505233194341983705e+01
2.529337838275606742e+01
2.335807321718958462e+01
2.105585817518232972e+01
1.990915651676077402e+01
1.810341479824363731e+01
1.804084288702088656e+01
1.829568793446372865e+01
1.825446144751047584e+01
1.822509155398122971e+01
1.763727001324892285e+01
1.758893151225029072e+01
1.710658957665452817e+01
1.692587272401335241e+01
1.643187998157475604e+01
1.592775284169560557e+01
1.545157527839710454e+01
1.513544331016148092e+01
1.432434372698334180e+01
1.476502035464315554e+01
1.490524241604410349e+01
1.462118896864081741e+01
1.485687173198761712e+01
1.471991688171583590e+01
1.462755787840763233e+01
1.460898008178620699e+01
1.450516972766797252e+01
1.462007592070017203e+01
1.467673992025438778e+01
1.468931403285548143e+01
1.462816888093107082e+01
1.466502466896820422e+01
1.467607326640984589e+01
1.469661102923534202e+01
1.472159607055356645e+01
1.471623988902674895e+01
1.412381945010456974e+01
1.424127120236870070e+01
1.434550608973730235e+01
1.382637756995488587e+01
1.371503562815501098e+01
1.368560766096949877e+01
1.364628211380319556e+01
1.359127951866175010e+01
1.339217071805485304e+01
1.324595941201527260e+01
1.327865933408632593e+01
1.378372349355479010e+01
1.373459119207177181e+01
1.371103168611530876e+01
1.348389593462833069e+01
1.355918355089153948e+01
1.353661845141111009e+01
1.352504457454877596e+01
1.338231163657121314e+01
1.341751275695020951e+01
1.334606074268213050e+01
1.328742427445045315e+01
1.323943639481348988e+01
1.323408194720354025e+01
1.320529366155285622e+01
1.330829764596986209e+01
1.328723342279718089e+01
1.327853075361896273e+01
1.319787675490012901e+01
1.321672222615091563e+01
1.320558870266976470e+01
1.317161759043197833e+01
1.317181643494778065e+01
1.317176281872260191e+01
1.317186877962248914e+01
1.335248606913456371e+01
1.331709196160853992e+01
1.330064516205062297e+01
1.328178791930669433e+01
1.327606249930944848e+01
1.328261141867684358e+01
1.328655275955227211e+01
1.329078894064310923e+01
1.328951773704562811e+01
1.308621343555414462e+01
1.318560910324521629e+01
1.321621344144542931e+01
1.321570476508588143e+01
1.322090819351813096e+01
1.321902452035036291e+01
1.308354962637746510e+01
1.317045129556408511e+01
1.317873423135301891e+01
1.313407256358065567e+01
1.312677901662400615e+01
1.313578251162290478e+01
1.314754591982867105e+01
1.314802980410551569e+01
1.315874365156788706e+01
1.314873351519820055e+01
1.314872195838612079e+01
1.314251793695101611e+01
1.312167071424336129e+01
1.313265756162850195e+01
1.313924141037601601e+01
1.313924141037601601e+01
1.313892261818780938e+01
1.307591018965074170e+01
1.305376723434780573e+01
1.305064533012913230e+01
1.299665812280769472e+01
1.295742402399779181e+01
1.287533415535878945e+01
1.274126547482669736e+01
1.258894238086382167e+01
1.248346759992218580e+01
1.218856692464448876e+01
1.209101160713902168e+01
1.189614990025528840e+01
1.172914843387033557e+01
1.143366948755185319e+01
1.128064969502574222e+01
1.118143814920255608e+01
1.090924496635440022e+01
1.061076473244720297e+01
1.061075098259564697e+01
1.061063357506908744e+01
1.060785989134061325e+01
1.058900442781576778e+01
1.053876597726854669e+01
1.041535294907363962e+01
1.028977111935987665e+01
1.017659662856201308e+01
1.015080224545687493e+01
9.975715498941161385e+00
9.411191685947015273e+00
9.150056088475874816e+00
8.799261114920106763e+00
8.650375966400790873e+00
8.441292660066862297e+00
8.381288576583312278e+00
8.280034936626819331e+00
8.232282569637071390e+00
8.235179442574981579e+00
8.149840958269148672e+00
8.103090334855028942e+00
8.083497238330657808e+00
8.084200810081927813e+00
8.039005221215386854e+00
8.014074547638086798e+00
8.005227268613969827e+00
8.002851600328984460e+00
8.001337623164694435e+00
7.980575979038091461e+00
7.968381369265170378e+00
7.962587416128318552e+00
7.959919399881428603e+00
7.956135247431081581e+00
7.941906705846128567e+00
7.939247471603176898e+00
7.937767541043271535e+00
7.940808421446611476e+00
7.936831849847698628e+00
7.935805598910221192e+00
7.928169823473896649e+00
7.927260125502649579e+00
7.921293904667926711e+00
7.921326690056152309e+00
7.921424798548051704e+00
7.920547730561485977e+00
7.917640795019533329e+00
7.914279354778609665e+00
7.913679720991207311e+00
7.911181524395724196e+00
7.909960341284743457e+00
7.911788905992947818e+00
7.910752661258216634e+00
7.910253273752181791e+00
7.911135944672865961e+00
7.910608367542458552e+00
7.909744732803444478e+00
7.910769623311422194e+00
7.909636823582795628e+00
7.908621724467718828e+00
7.908548221126466160e+00
7.906933480506428857e+00
7.906468455409756402e+00
7.907016819912438876e+00
7.909540800861750043e+00
7.908840093920471048e+00
7.907772404272541245e+00
7.907401048868042182e+00
7.907036723880285223e+00
7.907026451074338880e+00
7.908676487124916221e+00
7.908433071683457882e+00
7.908625730843358070e+00
7.907600563142599626e+00
7.907174540608290947e+00
7.907122761147779677e+00
7.908036719787890689e+00
7.907699255382400594e+00
7.907638153360972311e+00
7.907110901888945165e+00
7.906936282062682508e+00
7.906906616796484322e+00
7.905385197433868250e+00
7.905048843512841650e+00
7.903583681885917755e+00
7.905079680991909719e+00
7.904207361673900145e+00
7.904415559321250839e+00
7.907209923145242847e+00
7.908972153425483320e+00
7.910511502296571074e+00
7.908129485507306100e+00
7.908303173839115630e+00
7.908376200894995378e+00
7.907980918412596871e+00
7.908155412639460202e+00
7.907207753054377619e+00
7.906901654058113849e+00
7.908113681903779835e+00
7.907575865043556362e+00
7.903162900067311369e+00
7.903219250500560733e+00
7.908970336923062838e+00
7.908221493803875290e+00
7.908142700263157465e+00
7.907165479469148828e+00
7.906818321286062101e+00
7.906349311481454478e+00
7.906618033387201372e+00
7.904785604847139879e+00
7.906369695478566939e+00
7.906099890364728822e+00
7.906538046588585722e+00
7.906144857673599979e+00
7.906267955834572092e+00
7.906232576317937522e+00
7.906380063487041809e+00
7.906291493461818476e+00
7.906181574911300025e+00
7.905829545432842664e+00
7.905628733586209655e+00
7.905989059080031467e+00
7.905619253197765595e+00
7.905401486095257724e+00
7.899251247191032554e+00
7.900036619155944351e+00
7.900875733537714218e+00
7.901674356263614918e+00
7.903533010293601890e+00
7.905244189472121263e+00
7.905379116203543610e+00
7.905864159246505984e+00
7.905468084584152955e+00
7.905312762471640831e+00
7.904828943185668422e+00
7.904546022928707671e+00
7.905588479018223147e+00
7.905528033416432621e+00
7.905832002472696907e+00
7.905766237418346165e+00
7.905644776751329594e+00
7.905383882475976343e+00
7.904989133400959211e+00
7.904214573997148996e+00
7.903784641431022884e+00
7.904813958234198523e+00
7.905463899491207869e+00
7.906120068845529758e+00
7.905793417061420136e+00
7.905956786078189857e+00
7.905286805041169096e+00
7.905080939479748992e+00
7.904883261806409323e+00
7.904870704642844359e+00
7.903697671605136144e+00
7.904948844222085214e+00
7.904840528366146479e+00
7.905067298978906365e+00
7.905014585954824646e+00
7.904796625014126832e+00
7.904623854609601707e+00
7.904825694279681514e+00
7.904878381634860673e+00
7.904676630650767422e+00
7.904777051400888155e+00
7.904633368628123158e+00
7.904650852375304737e+00
7.904509490244848280e+00
7.904053055942896755e+00
7.904607492434561955e+00
7.904574338191834748e+00
7.904561273648441855e+00
7.904548743903849761e+00
7.904538181105734473e+00
7.904536960413818036e+00
7.904530297556724427e+00
7.904524913625919247e+00
7.904529910401605797e+00
7.904531227144888206e+00
7.904531124359353456e+00
7.904532003592687595e+00
7.904523285563250568e+00
7.904522202716156798e+00
7.904517159363954271e+00
7.904515583422015546e+00
7.904514658925394954e+00
7.904513977509409983e+00
7.904513496543524198e+00
7.904513229958094911e+00
7.904513143848953760e+00
7.904513144183366258e+00
7.904513133977966177e+00
7.904513121241580009e+00
7.904513018152426795e+00
7.904512783745009763e+00
7.904513009418659308e+00
7.904512674151032314e+00
7.904513104439248039e+00
7.904513082127412105e+00
7.904513074892665969e+00
7.904513088520920050e+00
7.904513051515019484e+00
7.904513113490703624e+00
7.904513055585106862e+00
7.904512778100622583e+00
7.904512985025954563e+00
7.904513019629609616e+00
7.904513001130118788e+00
7.904513005692050953e+00
7.904513016458473373e+00
7.904513015063381332e+00
7.904513014791344716e+00
7.904513015035818491e+00
7.904513013659629550e+00
7.904513012656394721e+00
7.904513004661597009e+00
7.904512969025720537e+00
7.904512997617691106e+00
7.904512997724154388e+00
7.904513012442650144e+00
7.904513011595810212e+00
7.904513009917271127e+00
7.904513005120794134e+00
7.904512981469660637e+00
7.904512964940590081e+00
7.904512964695547872e+00
7.904512932409597958e+00
7.904512857255697078e+00
7.904513622979175480e+00
7.904512388360492636e+00
7.904512988367330628e+00
7.904512977652649930e+00
7.904512999082927927e+00
7.904512995728779856e+00
7.904512990031593134e+00
7.904512980868203975e+00
7.904512989903112796e+00
7.904512989537160195e+00
7.904512985495186328e+00
7.904512979754688473e+00
7.904512972345781208e+00
7.904512967080175478e+00
7.904512964231682481e+00
7.904512959418370954e+00
7.904512959444383924e+00
7.904512958089553010e+00
7.904512956559359260e+00
7.904512892500799914e+00
7.904512788564336923e+00
7.904512569946867906e+00
7.904512564675380659e+00
7.904513029393291035e+00
7.904512948725412436e+00
7.904512857236523082e+00
7.904512800671435357e+00
7.904512827417817356e+00
7.904513562117987391e+00
7.904512326914561626e+00
7.904512890630364552e+00
7.904512898959326961e+00
7.904512897569216712e+00
7.904512877714386043e+00
7.904512725355091085e+00
7.904512685163584962e+00
7.904512615264925657e+00
7.904512485097513697e+00
7.904512437375270650e+00
7.904513090720206137e+00
7.904513082386541711e+00
7.904512776584027733e+00
7.904512730888487937e+00
7.904512666853111824e+00
7.904512595353445192e+00
7.904512526247367887e+00
7.904512319931944475e+00
7.904512286605293703e+00
7.904511700375365102e+00
7.904505618807675660e+00
7.904512961714324604e+00
7.904512956064962736e+00
7.904512934554116299e+00
7.904512977125872197e+00
7.904512942633090233e+00
7.904512959191449362e+00
7.904513019819570552e+00
7.904513014047511277e+00
7.904513004001547216e+00
7.904512955082230619e+00
7.904512933856215895e+00
7.904512579927671645e+00
7.904513040926385514e+00
7.904513039402524477e+00
7.904513022520444743e+00
7.904513017335935920e+00
7.904513013928195164e+00
7.904513012690348894e+00
7.904513024468903026e+00
7.904513023292579099e+00
7.904513022131434141e+00
7.904513024212888261e+00
7.904513024513216024e+00
7.904513022432189118e+00
7.904513011640346143e+00
7.904513223557033896e+00
7.904513207372315442e+00
7.904513277916832337e+00
7.904513240967980359e+00
7.904513284601333289e+00
7.904513284743443613e+00
7.904513284506846205e+00
7.904513281478100950e+00
7.904513411940659040e+00
7.904513153914018986e+00
7.904513270618940268e+00
7.904513246973447593e+00
7.904513281103604072e+00
7.904513278497596218e+00
7.904513282398598406e+00
7.904513048625764426e+00
7.904506103055531696e+00
7.904509691517333181e+00
7.904513050264386109e+00
7.904512998250510236e+00
7.904512975466797542e+00
7.904512764404864278e+00
7.904512956188664674e+00
7.904512957085814584e+00
7.904512994508711365e+00
7.904512994980536611e+00
7.904512993171623592e+00
7.904512990340563761e+00
7.904512990308311338e+00
7.904512991440423519e+00
7.904512991998080551e+00
7.904512993697080603e+00
7.904512993585638192e+00
7.904512993443624680e+00
7.904512992603272892e+00
7.904512993237696961e+00
7.904512925399748369e+00
7.904512854509954778e+00
7.904512828771454558e+00
7.904512821595808703e+00
7.904512815457453989e+00
7.904512818762277959e+00
7.904512818551874709e+00
7.904512810074675322e+00
7.904512640359303788e+00
7.904512991065283600e+00
7.904512655817987898e+00
7.904512793693414530e+00
7.904512784390985480e+00
7.904512801950733802e+00
7.904512805886249716e+00
7.904512810333754302e+00
7.904512810747211127e+00
7.904512810784103394e+00
7.904512810667810641e+00
7.904512807602777968e+00
7.904512792872191440e+00
7.904512807991372902e+00
7.904512807450563727e+00
7.904512808558118664e+00
7.904512808587144335e+00
7.904512807249634676e+00
7.904512799323633487e+00
7.904512766029597515e+00
7.904512291230292753e+00
7.904512272277571583e+00
7.904512222217094930e+00
7.904512267803476711e+00
7.904512583520994617e+00
7.904512781199559690e+00
7.904512774804775432e+00
7.904512774707438183e+00
7.904512761360761530e+00
7.904512756641477011e+00
7.904512755163231930e+00
7.904512771315565622e+00
7.904512767812486018e+00
7.904512773331020092e+00
7.904512773814962756e+00
7.904512773124388936e+00
7.904512770384760856e+00
7.904512753766619326e+00
7.904512727959422058e+00
7.904512727899783542e+00
7.904512721252057617e+00
7.904512673989589011e+00
7.904512426985222717e+00
7.904511650439632220e+00
7.904511758438481195e+00
7.904511902162246528e+00
7.904511935883264506e+00
7.904512561964185835e+00
7.904512883404088086e+00
7.904512677299781132e+00
7.904512778516307847e+00
7.904512778013645047e+00
7.904512777298872805e+00
7.904512772811329135e+00
7.904512756040771748e+00
7.904512737520557053e+00
7.904512737848754966e+00
7.904512772131015552e+00
7.904512755130795654e+00
7.904512579142991768e+00
7.904512589378261289e+00
7.904512699843975199e+00
7.904512782778364333e+00
7.904512753513182943e+00
7.904512766736134566e+00
7.904512856991042113e+00
7.904512660497840848e+00
7.904511919947101006e+00
7.904510890005510326e+00
7.904511785095559517e+00
7.904512763037923939e+00
7.904512698280750094e+00
7.904512652953950891e+00
7.904512469845689893e+00
7.904512349596790166e+00
7.904512282455337768e+00
7.904512209586757265e+00
7.904512221696140983e+00
7.904511823955654215e+00
7.904512065198602500e+00
7.904511967900965885e+00
7.904512591241670272e+00
7.904512603533778936e+00
7.904512701191032775e+00
7.904512707348798628e+00
7.904512705342515488e+00
7.904512680166553729e+00
7.904510991679403631e+00
7.904512630985119692e+00
7.904512710725810187e+00
7.904512706728153759e+00
7.904512705610351908e+00
7.904512709749341504e+00
7.904512708379023422e+00
7.904512711036987938e+00
7.904512708757444273e+00
7.904512697866827864e+00
7.904512671796531720e+00
7.904510514517509634e+00
7.904512711120468715e+00
7.904512696676770034e+00
7.904512689479896714e+00
7.904512245712776775e+00
7.904507151448513014e+00
7.904512400915609582e+00
7.904512445475607052e+00
7.904512695053082183e+00
7.904512699814324250e+00
7.904512711371417311e+00
7.904512701965019872e+00
7.904512704981721427e+00
7.904512706440064207e+00
7.904512703973013643e+00
7.904512708428053536e+00
7.904512708822958089e+00
7.904512700177914297e+00
7.904512698536830584e+00
7.904512697555976075e+00
7.904512696655083381e+00
7.904512695053195870e+00
7.904512696066893440e+00
7.904512696780455094e+00
7.904512694173169152e+00
7.904512686985452063e+00
7.904512684859911431e+00
7.904512670080071857e+00
7.904512674264241312e+00
7.904512689875676124e+00
7.904512689122633162e+00
7.904512686160545698e+00
7.904512694141425655e+00
7.904512694858342847e+00
7.904512694143251750e+00
7.904512693487086850e+00
7.904512691075214370e+00
7.904512687629080325e+00
7.904512689409635584e+00
7.904512686015339185e+00
7.904512690318174606e+00
7.904512691339208530e+00
7.904512692953781894e+00
7.904512693260283385e+00
7.904512693527314227e+00
7.904512693531525969e+00
7.904512693631802200e+00
7.904512693617117058e+00
7.904512693547132152e+00
7.904512693413343172e+00
7.904512693162650372e+00
7.904512692140125196e+00
7.904512690341499948e+00
7.904512688939878018e+00
7.904512682765964193e+00
7.904512682990947781e+00
7.904512686134061994e+00
7.904512684367784203e+00
7.904512688784696373e+00
7.904512692495775816e+00
7.904512692820803821e+00
7.904512693189320593e+00
7.904512692694577680e+00
7.904512690734932789e+00
7.904512658430173033e+00
7.904512651740558837e+00
7.904512665676385552e+00
7.904512615773074735e+00
7.904512513330990586e+00
7.904512692068399460e+00
7.904512692163278231e+00
7.904512692185702960e+00
7.904512692155132747e+00
7.904512691095170851e+00
7.904512680699898652e+00
7.904512676649011915e+00
7.904512673412967594e+00
7.904512614950323979e+00
7.904512689898427702e+00
7.904512690995373347e+00
7.904512691062360652e+00
7.904512691068772412e+00
7.904512691218885223e+00
7.904512691483984277e+00
7.904512691345730424e+00
7.904512691229173882e+00
7.904512691350081610e+00
7.904512691475457764e+00
7.904512691329705909e+00
7.904512689838389505e+00
7.904512670622223069e+00
7.904512671647614397e+00
7.904512672976144572e+00
7.904512688869679948e+00
7.904512691170861416e+00
7.904512691240542566e+00
7.904512691159593984e+00
7.904512691061059471e+00
7.904512691143076530e+00
7.904512691207568942e+00
7.904512691045708195e+00
7.904512690644243555e+00
7.904512688231915440e+00
7.904512675677025868e+00
7.904512657967288192e+00
7.904512583969443007e+00
7.904512564170851796e+00
7.904512392326365600e+00
7.904512391735992516e+00
7.904512378275827977e+00
7.904512394630018868e+00
7.904512376089444459e+00
7.904512384194662289e+00
7.904512395305797412e+00
7.904513057675251808e+00
7.904512318873384125e+00
7.904512687335850885e+00
7.904512690262009755e+00
7.904512690263766572e+00
7.904512700937033287e+00
7.904512672716330179e+00
7.904512619572823695e+00
7.904512233219159079e+00
7.904512674217799351e+00
7.904512650530126194e+00
7.904512677491699613e+00
7.904512687127515314e+00
7.904512686886780770e+00
7.904512685218618273e+00
7.904512672799027584e+00
7.904512587202312979e+00
7.904512575060754109e+00
7.904512585259393376e+00
7.904512717795676657e+00
7.904512650831721388e+00
7.904512659462938018e+00
7.904512685429547325e+00
7.904512685500706404e+00
7.904512684107952936e+00
7.904512680690672255e+00
7.904512683560922959e+00
7.904512684937107458e+00
7.904512684895396823e+00
7.904512684844180015e+00
7.904512684933880706e+00
7.904512684627567509e+00
7.904512684033422332e+00
7.904512680362767441e+00
7.904512678671570924e+00
7.904512681996509471e+00
7.904512682016546776e+00
7.904512682109420929e+00
7.904512683659666195e+00
7.904512683372890258e+00
7.904512684386372001e+00
7.904512684568459235e+00
7.904512684000008171e+00
7.904512784185825147e+00
7.904512644534054999e+00
7.904512650876635682e+00
7.904512649999172247e+00
7.904512735486030728e+00
7.904512637996956137e+00
7.904512330131413300e+00
7.904512379046373383e+00
7.904512683073606993e+00
7.904512682555869141e+00
7.904512682866862150e+00
7.904512683459060440e+00
7.904512683360015224e+00
7.904512683342479917e+00
7.904512683100016091e+00
7.904512682455533401e+00
7.904512681473958580e+00
7.904512680238745759e+00
7.904512679832091493e+00
7.904512679656637175e+00
7.904512675862646276e+00
7.904512682775319377e+00
7.904512682339769114e+00
7.904512678382628721e+00
7.904512678272334725e+00
7.904512667169323770e+00
7.904512235011311283e+00
7.904512237779741213e+00
7.904512566781317418e+00
7.904512568469661993e+00
7.904512677886563310e+00
7.904512677743096738e+00
7.904512673846467941e+00
7.904512678388641689e+00
7.904512678404187476e+00
7.904512678221019328e+00
7.904512677933801967e+00
7.904512673046465210e+00
7.904512677350279404e+00
7.904512674360772984e+00
7.904512678238244661e+00
7.904512678312337393e+00
7.904512678098274847e+00
7.904512677798601672e+00
7.904512673533878875e+00
7.904512479024839777e+00
7.904512503649536725e+00
7.904512646653503616e+00
7.904512571791812547e+00
7.904512486466787280e+00
7.904512260424968240e+00
7.904512149342432181e+00
7.904512232427382656e+00
7.904511977215039842e+00
7.904511759872137944e+00
7.904511747322665371e+00
7.904511464291005041e+00
7.904511379277811223e+00
7.904511088971812427e+00
7.904511081071511569e+00
7.904511113926655952e+00
7.904511169650623614e+00
7.904511317508350565e+00
7.904511328647517487e+00
7.904512523738344676e+00
7.904512506535839478e+00
7.904512462076262125e+00
7.904512467843575863e+00
7.904512525100513720e+00
7.904512656716603303e+00
7.904512671611938046e+00
7.904512671713584737e+00
7.904512677405286070e+00
7.904512677262164999e+00
7.904512677352257377e+00
7.904512677375709728e+00
7.904512677055551606e+00
7.904512674562817587e+00
7.904512674217925472e+00
7.904512671426640935e+00
7.904512672127812500e+00
7.904512672270872287e+00
7.904512677101443785e+00
7.904512677433356949e+00
7.904512676928597159e+00
7.904512677021966027e+00
7.904512676981327424e+00
7.904512676970214535e+00
7.904512672478939628e+00
7.904512676014425310e+00
7.904512676466953991e+00
7.904512676422955408e+00
7.904512674320926635e+00
7.904512667814048932e+00
7.904512568430508423e+00
7.904512565916972378e+00
7.904512671703340487e+00
7.904512660123185874e+00
7.904512573687604515e+00
7.904512594422254068e+00
7.904512610715750398e+00
7.904512669457682605e+00
7.904512664883106332e+00
7.904512635716283597e+00
7.904512639048324019e+00
7.904512666517006458e+00
7.904512668877068826e+00
7.904512668602321490e+00
7.904512673959549929e+00
7.904512674146382700e+00
7.904512671903685117e+00
7.904512663841418707e+00
7.904512657667498665e+00
7.904512597351363468e+00
7.904512591740326499e+00
7.904512451407299523e+00
7.904512376881369207e+00
7.904512359526761678e+00
7.904512365488875147e+00
7.904512340231816481e+00
7.904512545698088921e+00
7.904512626485018068e+00
7.904512644554660739e+00
7.904512671295252701e+00
7.904512671334699370e+00
7.904512671156354031e+00
7.904512670815053710e+00
7.904512669417530724e+00
7.904512669367923294e+00
7.904512669508127587e+00
7.904512669438300776e+00
7.904512664552639123e+00
7.904512651370382947e+00
7.904512638772339450e+00
7.904512628658224571e+00
7.904512513330265833e+00
7.904512520944116716e+00
7.904512568157890939e+00
7.904512638907902122e+00
7.904512643123650761e+00
7.904512647721466223e+00
7.904512665257326987e+00
7.904512666627461215e+00
7.904512666392966125e+00
7.904512665891059164e+00
7.904512664971200309e+00
7.904512656609308685e+00
7.904512666130433018e+00
7.904512666120705688e+00
7.904512666199297932e+00
7.904512666186273684e+00
7.904512666153146405e+00
7.904512665963865814e+00
7.904512665218630829e+00
7.904512662799357159e+00
7.904512662264657763e+00
7.904512662839083603e+00
7.904512662843378834e+00
7.904512663226128666e+00
7.904512669544510040e+00
7.904512662166509607e+00
7.904512665162529039e+00
7.904512665686579176e+00
7.904512665660487158e+00
7.904512665675611949e+00
7.904512665815111916e+00
7.904512665836794127e+00
7.904512665471245647e+00
7.904512663678801232e+00
7.904512661187078848e+00
7.904512660127304358e+00
7.904512661595465062e+00
7.904512661796491813e+00
7.904512665191937515e+00
7.904512680817509462e+00
7.904512656396407877e+00
7.904512643231048408e+00
7.904512505318492366e+00
7.904512665422083195e+00
7.904512665379582081e+00
7.904512663506327641e+00
7.904512655149356526e+00
7.904512637067737657e+00
7.904512469220409621e+00
7.904512438056555901e+00
7.904512225988500340e+00
7.904512195762517734e+00
7.904512205289014659e+00
7.904512197871101264e+00
7.904512213121227759e+00
7.904512212325004228e+00
7.904512209250279753e+00
7.904512206390332807e+00
7.904512202990279235e+00
7.904512207316763295e+00
7.904512079543110303e+00
7.904512119297450568e+00
7.904512155574405341e+00
7.904512171659895614e+00
7.904512176220563902e+00
7.904512192119407921e+00
7.904512193441211920e+00
7.904512194955861659e+00
7.904512195600784885e+00
7.904512195659027185e+00
7.904512195698427668e+00
7.904512284640578201e+00
7.904512343189571411e+00
7.904512394234806116e+00
7.904512451127298611e+00
7.904512535849101518e+00
7.904512658599573527e+00
7.904512662888514285e+00
7.904512663526274352e+00
7.904512664049764936e+00
7.904512664004503364e+00
7.904512663218974389e+00
7.904512657531049591e+00
7.904512661845782162e+00
7.904512662985568205e+00
7.904512661861669010e+00
7.904512663733791022e+00
7.904512667483543531e+00
7.904512659507197725e+00
7.904512660905371746e+00
7.904512662808121704e+00
7.904512663835469688e+00
7.904512662717816163e+00
7.904512663215094825e+00
7.904512664002149691e+00
7.904512662162656689e+00
7.904512662526763656e+00
7.904512662548544455e+00
7.904512663198113742e+00
7.904512662374802545e+00
7.904512655604731819e+00
7.904512482677064966e+00
7.904512441320729721e+00
7.904512462657207195e+00
7.904512615899290218e+00
7.904512736905799919e+00
7.904512589093340758e+00
7.904512662956881819e+00
7.904512662845595727e+00
7.904512661845304322e+00
7.904512655350822925e+00
7.904512566951112262e+00
7.904512508257113268e+00
7.904512375392382495e+00
7.904512294086819324e+00
7.904512246024146371e+00
7.904512228589704925e+00
7.904512181054990094e+00
7.904512197446724286e+00
7.904511496136981563e+00
7.904511325235491270e+00
7.904510830268777433e+00
7.904510119418208802e+00
7.904510377449858183e+00
7.904510289165995296e+00
7.904510541743873020e+00
7.904511367949122125e+00
7.904511819889140867e+00
7.904512637586353918e+00
7.904512663196994637e+00
7.904512663255419014e+00
7.904512662993669281e+00
7.904512662498127895e+00
7.904512661521319927e+00
7.904512657991736191e+00
7.904512659603518898e+00
7.904512659961329568e+00
7.904512662046833782e+00
7.904512659852009016e+00
7.904512649511809208e+00
7.904512609682136315e+00
7.904512600481652385e+00
7.904512622645863296e+00
7.904512636431446637e+00
7.904512658143248771e+00
7.904512619869024981e+00
7.904512616714685080e+00
7.904512650914630179e+00
7.904512642232877084e+00
7.904512637161840161e+00
7.904512661041247057e+00
7.904512661411270180e+00
7.904512661813881458e+00
7.904512661922041161e+00
7.904512661746968760e+00
7.904512661332127266e+00
7.904512658849476736e+00
7.904512665910178981e+00
7.904512657666973752e+00
7.904512661626265313e+00
7.904512661555427755e+00
7.904512661725765277e+00
7.904512661680427321e+00
7.904512660050328599e+00
7.904512638940026648e+00
7.904512638293403448e+00
7.904512633598451465e+00
7.904512625583919316e+00
7.904512660155440074e+00
7.904512660977413674e+00
7.904512661044820199e+00
7.904512661171244403e+00
7.904512661323464862e+00
7.904512658578831008e+00
7.904512632958350160e+00
7.904512589308868797e+00
7.904512583313694662e+00
7.904512587723743877e+00
7.904512655691458889e+00
7.904512659671990349e+00
7.904512660409075409e+00
7.904512659986060896e+00
7.904512659645600792e+00
7.904512658628744859e+00
7.904512666594651904e+00
7.904512655446557901e+00
7.904512660632956766e+00
7.904512660770418364e+00
7.904512661084039493e+00
7.904512661064448054e+00
7.904512661011630748e+00
7.904512660980793193e+00
7.904512679403137732e+00
7.904512642068897144e+00
7.904512643181745624e+00
7.904512674879573098e+00
7.904512663228559610e+00
7.904512635233487572e+00
7.904512619486226299e+00
7.904512578715715776e+00
7.904512581098838808e+00
7.904512580444915670e+00
7.904512560543938804e+00
7.904512426608969022e+00
7.904512253109739817e+00
7.904512629710666261e+00
7.904512627084466558e+00
7.904512598812742041e+00
7.904512621458392729e+00
7.904512622015982259e+00
7.904512659755411619e+00
7.904512668626801464e+00
7.904512668750883542e+00
7.904512669170832062e+00
7.904512669243299428e+00
7.904512669172731876e+00
7.904512672035723497e+00
7.904512666309852165e+00
7.904512668067710912e+00
7.904512666701274171e+00
7.904512669102143896e+00
7.904512669127742086e+00
7.904512669164898142e+00
7.904512669167083061e+00
7.904512669163063165e+00
7.904512669190804530e+00
