1.654564097236523382e-02
1.654373072312512183e-02
1.654352640949843106e-02
1.654310732975264667e-02
1.654236595565613047e-02
1.654128233788969629e-02
1.653897338951766660e-02
1.653540218179010493e-02
1.653159065588676729e-02
1.651316069142365339e-02
1.644193339357834238e-02
1.642543864110677584e-02
1.633525017738132398e-02
1.618701082506010525e-02
1.591848588238303427e-02
1.560870262768452449e-02
1.452580446930618399e-02
1.350355250412568417e-02
1.308458854561761475e-02
1.182039694669788019e-02
1.017385940350189373e-02
8.988474494986988667e-03
8.530326809149965314e-03
7.384245853949330737e-03
6.671122625693819488e-03
5.057903153591468415e-03
3.193637401788104995e-03
2.229076346453070200e-03
1.008927798962144231e-03
1.008927798962144231e-03
9.520363089148696674e-04
8.989495169003316891e-04
9.151787962950280698e-04
6.205867338201433332e-04
0.000000000000000000e+00
0.000000000000000000e+00
0.000000000000000000e+00
0.000000000000000000e+00
0.000000000000000000e+00
0.000000000000000000e+00
0.000000000000000000e+00
0.000000000000000000e+00
0.000000000000000000e+00
0.000000000000000000e+00
0.000000000000000000e+00
0.000000000000000000e+00
0.000000000000000000e+00
0.000000000000000000e+00
0.000000000000000000e+00
0.000000000000000000e+00
0.000000000000000000e+00
0.000000000000000000e+00
0.000000000000000000e+00
0.000000000000000000e+00
0.000000000000000000e+00
0.000000000000000000e+00
0.000000000000000000e+00
0.000000000000000000e+00
0.000000000000000000e+00
0.000000000000000000e+00
0.000000000000000000e+00
0.000000000000000000e+00
0.000000000000000000e+00
0.000000000000000000e+00
0.000000000000000000e+00
0.000000000000000000e+00
0.000000000000000000e+00
0.000000000000000000e+00
0.000000000000000000e+00
0.000000000000000000e+00
0.000000000000000000e+00
0.000000000000000000e+00
0.000000000000000000e+00
0.000000000000000000e+00
0.000000000000000000e+00
0.000000000000000000e+00
0.000000000000000000e+00
0.000000000000000000e+00
0.000000000000000000e+00
0.000000000000000000e+00
0.000000000000000000e+00
0.000000000000000000e+00
0.000000000000000000e+00
0.000000000000000000e+00
0.000000000000000000e+00
0.000000000000000000e+00
0.000000000000000000e+00
0.000000000000000000e+00
0.000000000000000000e+00
0.000000000000000000e+00
0.000000000000000000e+00
0.000000000000000000e+00
0.000000000000000000e+00
0.000000000000000000e+00
0.000000000000000000e+00
0.000000000000000000e+00
0.000000000000000000e+00
0.000000000000000000e+00
0.000000000000000000e+00
0.000000000000000000e+00
0.000000000000000000e+00
0.000000000000000000e+00
0.000000000000000000e+00
0.000000000000000000e+00
0.000000000000000000e+00
0.000000000000000000e+00
0.000000000000000000e+00
0.000000000000000000e+00
0.000000000000000000e+00
0.000000000000000000e+00
0.000000000000000000e+00
0.000000000000000000e+00
0.000000000000000000e+00
0.000000000000000000e+00
0.000000000000000000e+00
0.000000000000000000e+00
0.000000000000000000e+00
0.000000000000000000e+00
0.000000000000000000e+00
0.000000000000000000e+00
0.000000000000000000e+00
0.000000000000000000e+00
0.000000000000000000e+00
0.000000000000000000e+00
0.000000000000000000e+00
0.000000000000000000e+00
0.000000000000000000e+00
0.000000000000000000e+00
0.000000000000000000e+00
0.000000000000000000e+00
0.000000000000000000e+00
0.000000000000000000e+00
0.000000000000000000e+00
0.000000000000000000e+00
0.000000000000000000e+00
0.000000000000000000e+00
0.000000000000000000e+00
0.000000000000000000e+00
0.000000000000000000e+00
0.000000000000000000e+00
0.000000000000000000e+00
0.000000000000000000e+00
0.000000000000000000e+00
0.000000000000000000e+00
0.000000000000000000e+00
0.000000000000000000e+00
0.000000000000000000e+00
0.000000000000000000e+00
0.000000000000000000e+00
0.000000000000000000e+00
0.000000000000000000e+00
0.000000000000000000e+00
0.000000000000000000e+00
0.000000000000000000e+00
0.000000000000000000e+00
0.000000000000000000e+00
0.000000000000000000e+00
0.000000000000000000e+00
0.000000000000000000e+00
0.000000000000000000e+00
0.000000000000000000e+00
0.000000000000000000e+00
0.000000000000000000e+00
0.000000000000000000e+00
0.000000000000000000e+00
0.000000000000000000e+00
0.000000000000000000e+00
0.000000000000000000e+00
0.000000000000000000e+00
0.000000000000000000e+00
0.000000000000000000e+00
0.000000000000000000e+00
0.000000000000000000e+00
0.000000000000000000e+00
0.000000000000000000e+00
0.000000000000000000e+00
0.000000000000000000e+00
0.000000000000000000e+00
0.000000000000000000e+00
0.000000000000000000e+00
0.000000000000000000e+00
0.000000000000000000e+00
0.000000000000000000e+00
0.000000000000000000e+00
0.000000000000000000e+00
0.000000000000000000e+00
0.000000000000000000e+00
0.000000000000000000e+00
0.000000000000000000e+00
0.000000000000000000e+00
0.000000000000000000e+00
0.000000000000000000e+00
0.000000000000000000e+00
0.000000000000000000e+00
0.000000000000000000e+00
0.000000000000000000e+00
0.000000000000000000e+00
0.000000000000000000e+00
0.000000000000000000e+00
0.000000000000000000e+00
0.000000000000000000e+00
0.000000000000000000e+00
0.000000000000000000e+00
0.000000000000000000e+00
0.000000000000000000e+00
0.000000000000000000e+00
0.000000000000000000e+00
0.000000000000000000e+00
0.000000000000000000e+00
0.000000000000000000e+00
0.000000000000000000e+00
0.000000000000000000e+00
0.000000000000000000e+00
0.000000000000000000e+00
0.000000000000000000e+00
0.000000000000000000e+00
0.000000000000000000e+00
0.000000000000000000e+00
0.000000000000000000e+00
0.000000000000000000e+00
0.000000000000000000e+00
0.000000000000000000e+00
0.000000000000000000e+00
0.000000000000000000e+00
0.000000000000000000e+00
0.000000000000000000e+00
0.000000000000000000e+00
0.000000000000000000e+00
0.000000000000000000e+00
0.000000000000000000e+00
0.000000000000000000e+00
0.000000000000000000e+00
0.000000000000000000e+00
0.000000000000000000e+00
0.000000000000000000e+00
0.000000000000000000e+00
0.000000000000000000e+00
0.000000000000000000e+00
0.000000000000000000e+00
0.000000000000000000e+00
0.000000000000000000e+00
0.000000000000000000e+00
0.000000000000000000e+00
0.000000000000000000e+00
0.000000000000000000e+00
0.000000000000000000e+00
0.000000000000000000e+00
0.000000000000000000e+00
0.000000000000000000e+00
0.000000000000000000e+00
0.000000000000000000e+00
0.000000000000000000e+00
0.000000000000000000e+00
0.000000000000000000e+00
0.000000000000000000e+00
0.000000000000000000e+00
0.000000000000000000e+00
0.000000000000000000e+00
0.000000000000000000e+00
0.000000000000000000e+00
0.000000000000000000e+00
0.000000000000000000e+00
0.000000000000000000e+00
0.000000000000000000e+00
0.000000000000000000e+00
0.000000000000000000e+00
0.000000000000000000e+00
0.000000000000000000e+00
0.000000000000000000e+00
0.000000000000000000e+00
0.000000000000000000e+00
0.000000000000000000e+00
0.000000000000000000e+00
0.000000000000000000e+00
0.000000000000000000e+00
0.000000000000000000e+00
0.000000000000000000e+00
0.000000000000000000e+00
0.000000000000000000e+00
0.000000000000000000e+00
0.000000000000000000e+00
0.000000000000000000e+00
0.000000000000000000e+00
0.000000000000000000e+00
0.000000000000000000e+00
0.000000000000000000e+00
0.000000000000000000e+00
0.000000000000000000e+00
0.000000000000000000e+00
0.000000000000000000e+00
0.000000000000000000e+00
0.000000000000000000e+00
0.000000000000000000e+00
0.000000000000000000e+00
0.000000000000000000e+00
0.000000000000000000e+00
0.000000000000000000e+00
0.000000000000000000e+00
0.000000000000000000e+00
0.000000000000000000e+00
0.000000000000000000e+00
0.000000000000000000e+00
0.000000000000000000e+00
0.000000000000000000e+00
0.000000000000000000e+00
0.000000000000000000e+00
0.000000000000000000e+00
0.000000000000000000e+00
0.000000000000000000e+00
0.000000000000000000e+00
0.000000000000000000e+00
0.000000000000000000e+00
0.000000000000000000e+00
0.000000000000000000e+00
0.000000000000000000e+00
0.000000000000000000e+00
0.000000000000000000e+00
0.000000000000000000e+00
0.000000000000000000e+00
0.000000000000000000e+00
0.000000000000000000e+00
0.000000000000000000e+00
0.000000000000000000e+00
0.000000000000000000e+00
0.000000000000000000e+00
0.000000000000000000e+00
0.000000000000000000e+00
0.000000000000000000e+00
0.000000000000000000e+00
0.000000000000000000e+00
0.000000000000000000e+00
0.000000000000000000e+00
0.000000000000000000e+00
0.000000000000000000e+00
0.000000000000000000e+00
0.000000000000000000e+00
0.000000000000000000e+00
0.000000000000000000e+00
0.000000000000000000e+00
0.000000000000000000e+00
0.000000000000000000e+00
0.000000000000000000e+00
0.000000000000000000e+00
0.000000000000000000e+00
0.000000000000000000e+00
0.000000000000000000e+00
0.000000000000000000e+00
0.000000000000000000e+00
0.000000000000000000e+00
0.000000000000000000e+00
0.000000000000000000e+00
0.000000000000000000e+00
0.000000000000000000e+00
0.000000000000000000e+00
0.000000000000000000e+00
0.000000000000000000e+00
0.000000000000000000e+00
0.000000000000000000e+00
0.000000000000000000e+00
0.000000000000000000e+00
0.000000000000000000e+00
0.000000000000000000e+00
0.000000000000000000e+00
0.000000000000000000e+00
0.000000000000000000e+00
0.000000000000000000e+00
0.000000000000000000e+00
0.000000000000000000e+00
0.000000000000000000e+00
0.000000000000000000e+00
0.000000000000000000e+00
0.000000000000000000e+00
0.000000000000000000e+00
0.000000000000000000e+00
0.000000000000000000e+00
5.159206187965345588e-09
9.365632731644789930e-09
8.568379661625256330e-09
5.663728690958555919e-09
5.956352810873646986e-09
2.136102884898955778e-09
0.000000000000000000e+00
5.447702925000776948e-09
8.422914091495810185e-09
7.971917027242498836e-09
7.795869562129142619e-09
3.494968629445753706e-09
3.590976147041859393e-09
0.000000000000000000e+00
0.000000000000000000e+00
0.000000000000000000e+00
0.000000000000000000e+00
6.398874708466075799e-09
9.412204192092329451e-09
8.908114418992604034e-09
9.695166477645626186e-09
9.902522339403795021e-09
9.949035857685049823e-09
9.902916707177235394e-09
9.896578748234715278e-09
9.879313762182023127e-09
9.850017224732967708e-09
9.826251512025314055e-09
8.993569688771864740e-09
9.041435101941013475e-09
9.749214687974116485e-09
9.760380824734128032e-09
9.761936585248244229e-09
9.761559803621537637e-09
9.761435173491192643e-09
9.761491155696523963e-09
9.761492981169678886e-09
9.761572363859816641e-09
9.761783368438350099e-09
9.233095118901202297e-09
9.366707910455064942e-09
9.620757041451384570e-09
9.691694138261065653e-09
9.690243822292447405e-09
9.936965573630127797e-09
9.939654727348864917e-09
9.940655247178691672e-09
9.940587841681371766e-09
9.986570842553333047e-09
9.986968924676285313e-09
9.987153076007602702e-09
9.987543365718862576e-09
9.987829997681937415e-09
9.987868753656972290e-09
9.987896546469767628e-09
9.987065759705898063e-09
9.937320469711825156e-09
9.918827391498258096e-09
9.524746126950996278e-09
9.569820945963781132e-09
9.608141548405417826e-09
8.960951719649029714e-09
7.151719894968472258e-09
7.523964817219290205e-09
7.838075956562638227e-09
7.685489151255312999e-09
5.982244455872265581e-09
4.203975953210825361e-09
4.579364795419057714e-09
8.673914290629937500e-09
8.514242332553966458e-09
9.605685453384210894e-09
9.503747867033799608e-09
9.596729581005543912e-09
9.597150540342097933e-09
9.598933915392588012e-09
9.657274069336669208e-09
9.251429721380435986e-09
8.553694214103945765e-09
8.554341616611573147e-09
8.604071978479348153e-09
8.813456039155663685e-09
6.897114209645290391e-09
7.117462567987910477e-09
7.107929493145763613e-09
7.074816563366861416e-09
3.656939917391153871e-09
0.000000000000000000e+00
0.000000000000000000e+00
0.000000000000000000e+00
0.000000000000000000e+00
0.000000000000000000e+00
0.000000000000000000e+00
0.000000000000000000e+00
0.000000000000000000e+00
0.000000000000000000e+00
0.000000000000000000e+00
0.000000000000000000e+00
0.000000000000000000e+00
0.000000000000000000e+00
0.000000000000000000e+00
0.000000000000000000e+00
0.000000000000000000e+00
0.000000000000000000e+00
0.000000000000000000e+00
0.000000000000000000e+00
0.000000000000000000e+00
0.000000000000000000e+00
0.000000000000000000e+00
0.000000000000000000e+00
0.000000000000000000e+00
0.000000000000000000e+00
0.000000000000000000e+00
0.000000000000000000e+00
0.000000000000000000e+00
0.000000000000000000e+00
0.000000000000000000e+00
0.000000000000000000e+00
0.000000000000000000e+00
0.000000000000000000e+00
0.000000000000000000e+00
0.000000000000000000e+00
0.000000000000000000e+00
0.000000000000000000e+00
0.000000000000000000e+00
0.000000000000000000e+00
0.000000000000000000e+00
0.000000000000000000e+00
0.000000000000000000e+00
0.000000000000000000e+00
0.000000000000000000e+00
0.000000000000000000e+00
0.000000000000000000e+00
0.000000000000000000e+00
0.000000000000000000e+00
0.000000000000000000e+00
0.000000000000000000e+00
0.000000000000000000e+00
0.000000000000000000e+00
0.000000000000000000e+00
0.000000000000000000e+00
0.000000000000000000e+00
0.000000000000000000e+00
0.000000000000000000e+00
0.000000000000000000e+00
0.000000000000000000e+00
0.000000000000000000e+00
0.000000000000000000e+00
0.000000000000000000e+00
0.000000000000000000e+00
0.000000000000000000e+00
5.851905636170407631e-09
9.147437356301973502e-09
9.432558041237984872e-09
9.888873921589603822e-09
9.629610123160945310e-09
9.565028328393281286e-09
9.423067063066365090e-09
9.361809814002301956e-09
8.787754919118779650e-09
9.041479289175443648e-09
9.379509775331681991e-09
9.510135765247620295e-09
9.829693724667421846e-09
9.851847848129456558e-09
9.963040418374084448e-09
9.928047606703005069e-09
9.881723609685783684e-09
9.798434449968828336e-09
9.800248041415142970e-09
9.800202795166072505e-09
9.958281756832171273e-09
9.962607601729639883e-09
9.993382544356195551e-09
9.987223465909503488e-09
9.986378161870026727e-09
9.985719671497709455e-09
9.979659479827302894e-09
9.976551188976698145e-09
9.976388649042191131e-09
9.975159294668611983e-09
9.957974640471046359e-09
9.906452544900498356e-09
9.957130603666343762e-09
9.929429325554347391e-09
9.929442733447014591e-09
9.931428816251725784e-09
9.935542492492168138e-09
9.938837247263520199e-09
9.938835374047621210e-09
9.938836307246239104e-09
9.985920075197030915e-09
9.942634980168380760e-09
9.947304972126724141e-09
9.953873480249253373e-09
9.953865876690046630e-09
9.953858502711185924e-09
9.953858518889583045e-09
9.953858943152221561e-09
9.898676482866656885e-09
9.858920848763776477e-09
9.850703321875381625e-09
9.818125728867060855e-09
8.814680573930176069e-09
8.566274720762430534e-09
8.212064164700767119e-09
9.551417225497818831e-09
9.514348281076991349e-09
9.499551346094581669e-09
9.498090990193096516e-09
9.497642856142811530e-09
9.497981528252367858e-09
9.498131244417051723e-09
9.496999672157872020e-09
9.493529962678028894e-09
9.789174911321523776e-09
9.807467085396001952e-09
9.807011038929139538e-09
9.806807480812456708e-09
9.806926366959550345e-09
9.807039423005594236e-09
9.806970413588435295e-09
9.807016695322985258e-09
9.807025297681478449e-09
9.807027308510887961e-09
9.807004910958417264e-09
9.806998741308303928e-09
9.202137367513772906e-09
9.288451609873851700e-09
9.283997131867794532e-09
9.283908785173131293e-09
9.284189815020043075e-09
9.283890530344406537e-09
9.283896481937774188e-09
9.283882607316188765e-09
9.283926631049893920e-09
9.284458158959148795e-09
9.283976360443764558e-09
9.283881985487563879e-09
9.283642591572623544e-09
9.283674153863860043e-09
9.796243915010537704e-09
9.945913797617869563e-09
9.943994470631570559e-09
9.910156783847340856e-09
9.762427537852870706e-09
9.396329357790721352e-09
9.559523892390068740e-09
9.800859413726189818e-09
9.834418193618701812e-09
9.532588424399480084e-09
9.481416715122962122e-09
9.482563744708415125e-09
9.632991872230259775e-09
9.639897617034219106e-09
9.708892011217061877e-09
9.707979326200985603e-09
8.865114987630551789e-09
9.187398015242608645e-09
9.186611134826189679e-09
9.184373341214212411e-09
9.177636061876679235e-09
7.181746340428251846e-09
6.592992304831610665e-09
9.061035366282519036e-09
8.765117842962659774e-09
8.806618856430711337e-09
9.657539590143891543e-09
9.225780777039311438e-09
8.857908032419584958e-09
8.879076879396945286e-09
8.879187328581429214e-09
8.879277038604532675e-09
9.673193925083911870e-09
9.703920814210852054e-09
9.765686012551660513e-09
9.765089738955411418e-09
9.952495252796861688e-09
9.873574587784821725e-09
9.886064133945962618e-09
9.896735812100771615e-09
9.898587644424830706e-09
9.914218461959368649e-09
9.923655178776652472e-09
9.925680262505495659e-09
9.931741145346646068e-09
9.931738982746420660e-09
9.931740671966560446e-09
9.983508249170698342e-09
9.932695280109180708e-09
9.944776624780607941e-09
9.945808574072596496e-09
9.945808431766664065e-09
9.945808981446466761e-09
9.945807046553216863e-09
9.945806769696276123e-09
9.945809520522277226e-09
9.945808478870445849e-09
9.987926053574442894e-09
9.989988355992083995e-09
9.997778744001161499e-09
9.997772665181018223e-09
9.991287082789281934e-09
9.991285924925655159e-09
9.992240413361054638e-09
9.992352934570615174e-09
9.992528005869608083e-09
9.993029084009907130e-09
9.993029195966377746e-09
9.993029191337900209e-09
9.993029110462372187e-09
9.993029074195831024e-09
9.993029202852593479e-09
9.993028721393998952e-09
9.993028991736290180e-09
9.993030769032925870e-09
9.993029113079196105e-09
9.997775065745773242e-09
9.995577616740567255e-09
9.991417233577926812e-09
9.991418026716880785e-09
9.991417456955386056e-09
9.991418728337832408e-09
9.991420591346433480e-09
9.991418179742516435e-09
9.991417994356213683e-09
9.991418198208125853e-09
9.997777701141684478e-09
9.993914518615106662e-09
9.990464497344926878e-09
9.990465526343578256e-09
9.990464096493122625e-09
9.997131573222461941e-09
9.997691445748261546e-09
9.997695596138931174e-09
9.997695604091900532e-09
9.997695598854187930e-09
9.997696649529656509e-09
9.995237364768432915e-09
9.991043935614046896e-09
9.992766681712397162e-09
9.992766157930661570e-09
9.992766360676360291e-09
9.992766342929337561e-09
9.993284592394312772e-09
9.994429304068618097e-09
9.994631594083666296e-09
9.994631564668415647e-09
9.994092842971116133e-09
9.992640190894629083e-09
9.992640750908422332e-09
9.992640743981898087e-09
9.992640589568020105e-09
9.992640660851852910e-09
9.992640656689202135e-09
9.992640696215002002e-09
9.997775289179995274e-09
9.997773129389907548e-09
9.997773095422452032e-09
9.997772677485918787e-09
9.997772602967043817e-09
9.997772755204841218e-09
9.997772746225448253e-09
9.997772715184243416e-09
9.997772746357077504e-09
9.997772911181260069e-09
9.997772784060083975e-09
9.993216074038699848e-09
9.993091336322509726e-09
9.985753065401900259e-09
9.949582288615189589e-09
9.967569756820654706e-09
9.882424760130390950e-09
9.905100344776233412e-09
9.904957018462199327e-09
9.904959635432994945e-09
9.904961631142805138e-09
9.904971119926472325e-09
9.904960793908599715e-09
9.975681944253094688e-09
9.979633363795635985e-09
9.979630855161442891e-09
9.996212764436781376e-09
9.975354790297327514e-09
9.976984235130855794e-09
9.977774450901653482e-09
9.977773909833178157e-09
9.977773677398633836e-09
9.977773431646951491e-09
9.980079120977680274e-09
9.984080046312510032e-09
9.984085430193148858e-09
9.984101068313401784e-09
9.996941380555901726e-09
9.979317141295527696e-09
9.982695040014821940e-09
9.982693216663446500e-09
9.982694702355133168e-09
9.982693472396816557e-09
9.996786900642046026e-09
9.989873421161003712e-09
9.991562190348192387e-09
9.991694394413185347e-09
9.991896341709238487e-09
9.991896836635802460e-09
9.991888374626544306e-09
9.991889507228465602e-09
9.991889965152449868e-09
9.991896711802384601e-09
9.991896973335218850e-09
9.991897038913419525e-09
9.991897043431607416e-09
9.991897033204740061e-09
9.991897130884286716e-09
9.987527271120725693e-09
9.988167229752861303e-09
9.981661261562403422e-09
9.945631939064153985e-09
9.945696119031626871e-09
9.945763230253450112e-09
9.945764651682983768e-09
9.987854598660571059e-09
9.989930159658953789e-09
9.989931665347781397e-09
9.989931033755640993e-09
9.997780938727359708e-09
9.994700064600919693e-09
9.993721669285590052e-09
9.992333084995931055e-09
9.991620850687838873e-09
9.991312511929182180e-09
9.990958030075853406e-09
9.990695238729131014e-09
9.990543612851463489e-09
9.997779597607311071e-09
9.997779370341136801e-09
9.997779308198898807e-09
9.997779307187946786e-09
9.997777125872419221e-09
9.997773501175949923e-09
9.997673920058600328e-09
9.995271414562936537e-09
9.994817415067332283e-09
9.994002903465978704e-09
9.981348946866034081e-09
9.985068643970463088e-09
9.996996681219940245e-09
9.994523356799823925e-09
9.989371669862961819e-09
9.985107409548272435e-09
9.985108743915714859e-09
9.997100535457984415e-09
9.997653202268216809e-09
9.997772656343973115e-09
9.992562137012902841e-09
9.993633712453578725e-09
9.993633657865200406e-09
9.993633042000863720e-09
9.993633168272705650e-09
9.979286797388154047e-09
9.950929767672803958e-09
9.956847796553014851e-09
9.957313591107204705e-09
9.960520792968533105e-09
9.960520776240742473e-09
9.960523328207938429e-09
9.960520697732405187e-09
9.960521363493234298e-09
9.960521442480669632e-09
9.960520876157768018e-09
9.960520527596761906e-09
9.960527550417866600e-09
9.960527550403867396e-09
9.960526992079866825e-09
9.960528136551588375e-09
9.960527254177210483e-09
9.942993456382674988e-09
9.923650932338878782e-09
9.924608079884956388e-09
9.930777615325391897e-09
9.930951409409294394e-09
9.933164227084285201e-09
9.935400670936315643e-09
9.935394262105905792e-09
9.935394330235195996e-09
9.984773253606748435e-09
9.996401370785209506e-09
9.989399902088403807e-09
9.985280914668837123e-09
9.979069514065771425e-09
9.979071618503427336e-09
9.979075385013424990e-09
9.979079011173999009e-09
9.979077249581699922e-09
9.979077077321570623e-09
9.979072062573990881e-09
9.979071622063627582e-09
9.996394181288156022e-09
9.997070720242382940e-09
9.996495608928660125e-09
9.992228129485861424e-09
9.992244660392791984e-09
9.992245225559616048e-09
9.992244740044989363e-09
9.992244746469815331e-09
9.992244713782479716e-09
9.992244868728180238e-09
9.992245036186799051e-09
9.992245014995679146e-09
9.992245281148007750e-09
9.983082400232449915e-09
9.974310284963780645e-09
9.974328950837707627e-09
9.974326531429076804e-09
9.974320062948255960e-09
9.974319357749736607e-09
9.974320355894155745e-09
9.974322433463410408e-09
9.974321322890097955e-09
9.974319021671284639e-09
9.974321692206187293e-09
9.995484284834369761e-09
9.979613079395713236e-09
9.983571786899882161e-09
9.983596288040472774e-09
9.983598329728698761e-09
9.983617177378306628e-09
9.983624236480325576e-09
9.983627394295289953e-09
9.983636265536945970e-09
9.983636431765434716e-09
9.983638463234573809e-09
9.983652011362177884e-09
9.983651811614615145e-09
9.983655460566506508e-09
9.983658821384821477e-09
9.996915852287313801e-09
9.997220486665220790e-09
9.995021346188552433e-09
9.995993872799618432e-09
9.995993710223079151e-09
9.995993472933861446e-09
9.995993486674507671e-09
9.994995049732796253e-09
9.994469977682132013e-09
9.992174386627484298e-09
9.991832105750209376e-09
9.991512216590378812e-09
9.991458810713076446e-09
9.991319323454343107e-09
9.990467200409894951e-09
9.989550127745327813e-09
9.989524083681342119e-09
9.991093301875646821e-09
9.992735415977151265e-09
9.997776139502442956e-09
9.995595119321684055e-09
9.993945145650171397e-09
9.991415167981654912e-09
9.991415098267754660e-09
9.997777497345100765e-09
9.997772771618137781e-09
9.997772668189841379e-09
9.997772661929812949e-09
9.997772662726965251e-09
9.997772657860709684e-09
9.997772617294041982e-09
9.997772623929578977e-09
9.997772698240666177e-09
9.997772649002561544e-09
9.997750184809470973e-09
9.997589571703599932e-09
9.989437984616382799e-09
9.992586816492012246e-09
9.992587161694397065e-09
9.992586830049676194e-09
9.992586892414182582e-09
9.992586849806529437e-09
9.992586798120984314e-09
9.992586850204165084e-09
9.994329512432027477e-09
9.995466380671324506e-09
9.995466477336964451e-09
9.995466433071103691e-09
9.995466192685603370e-09
9.995466212602446578e-09
9.995466298984320723e-09
9.995466369043600313e-09
9.995466332521127814e-09
9.997221606006538549e-09
9.997772701079571546e-09
9.997772672037266857e-09
9.997772680787699537e-09
9.997772660023212922e-09
9.997772656353364923e-09
9.997772666881698253e-09
9.997772608878263417e-09
9.997772582737049881e-09
9.997772587726901121e-09
9.997772593896809877e-09
9.997772588180849569e-09
9.997772593046638606e-09
9.997772592686990402e-09
9.997772589857010312e-09
9.997772594404505213e-09
9.997772596964147789e-09
9.997772595484859341e-09
9.997772589544084577e-09
9.997772779000699933e-09
9.997772747715503284e-09
9.997772638925018487e-09
9.997772682200128631e-09
9.997772669206309039e-09
9.997772676107521558e-09
9.997772680953828837e-09
9.997772622293511678e-09
9.997772622650114204e-09
9.997772622646836914e-09
9.997772622641753062e-09
9.997772650608094298e-09
9.997772639663212664e-09
9.997772661870447851e-09
9.997772649723912669e-09
9.997772675743514112e-09
9.997772638871496593e-09
9.997772688895388066e-09
9.997772651618027232e-09
9.997772667816324664e-09
9.995980212287175026e-09
9.996784527141078932e-09
9.996784523556557922e-09
9.990994728049239517e-09
9.990983244321190409e-09
9.990983731761654033e-09
9.990983479768627614e-09
9.990983588292824775e-09
9.990983556229864938e-09
9.990983391022294085e-09
9.990983574806946869e-09
9.990983489113002444e-09
9.990983506372574257e-09
9.990983355372945464e-09
9.990983673558962967e-09
9.997778009033012433e-09
9.997774117809758140e-09
9.997774027770541313e-09
9.997772663248641594e-09
9.995567618068910251e-09
9.992697708492175445e-09
9.992697472286119319e-09
9.992697255386953344e-09
9.992697175249457371e-09
9.992697787035078954e-09
9.983141514573965741e-09
9.986510201404926299e-09
9.986509481078640045e-09
9.986509664178676795e-09
9.986509673687619208e-09
9.986509635259797379e-09
9.986509755504846035e-09
9.986509643342306530e-09
9.986509741330378320e-09
9.986509828935674097e-09
9.986508901232860737e-09
9.986508900680491030e-09
9.986509597459650126e-09
9.985410918397300875e-09
9.982911656046599206e-09
9.982339319425733121e-09
9.981796265517354129e-09
9.981211479874814573e-09
9.979816742793419876e-09
9.979591017866309801e-09
9.978650999354520339e-09
9.976776442173418524e-09
9.976777282179891645e-09
9.976767998435981223e-09
9.994198037361523427e-09
9.994749018314265699e-09
9.994890118027887810e-09
9.995139087427924237e-09
9.995231408453991476e-09
9.995307090827991202e-09
9.995306752899002201e-09
9.995306760933480282e-09
9.997048726260680674e-09
9.997363731025384429e-09
9.997639840852267277e-09
9.997639899914805971e-09
9.997639933076585917e-09
9.997639955987536738e-09
9.997639843117721414e-09
9.997639944304065535e-09
9.997639896225448091e-09
9.994244386687856669e-09
9.992013138309201097e-09
9.992013141041524244e-09
9.992012784680499431e-09
9.985584739720717548e-09
9.988472846113739240e-09
9.997785638924795984e-09
9.990156271807691863e-09
9.992119842629290083e-09
9.992119208209579994e-09
9.992118772116324770e-09
9.992119187405387055e-09
9.996844116248988765e-09
9.997772524629355546e-09
9.997772682249345878e-09
9.997772665935286173e-09
9.996648990704078826e-09
9.994862627710570744e-09
9.992800223324335706e-09
9.992800289833784586e-09
9.992800378636692307e-09
9.992800267153767703e-09
9.992799617616155668e-09
9.992800315768692660e-09
9.992800267356410409e-09
9.992800363152523058e-09
9.971822519307582887e-09
9.976750820281168862e-09
9.977408677697397692e-09
9.977411146562795034e-09
9.977410921081112389e-09
9.977410577626687590e-09
9.977408400938987398e-09
9.977409237565355691e-09
9.977408714425781915e-09
9.977408482185355377e-09
9.977409196959534222e-09
9.977408545946926806e-09
9.977408798533680307e-09
9.977408599688196077e-09
9.977408925306083968e-09
9.977408508354231487e-09
9.977408627569564357e-09
9.977408564896815731e-09
9.977408561267937988e-09
9.977408566478388371e-09
9.977408540833934843e-09
9.977408501950685567e-09
9.868479407629316788e-09
9.894876502249425630e-09
9.894735847017914234e-09
9.894710104305222465e-09
9.894709286393468115e-09
9.894706080218749111e-09
9.894694241848305040e-09
9.894698661018959947e-09
9.894678630266452965e-09
9.894678076975093688e-09
9.894689834344380855e-09
9.894709328928876960e-09
9.894706103817985339e-09
9.894694552255072694e-09
9.894696286588901934e-09
9.893321428687466898e-09
9.152486177675034810e-09
9.333095605390056733e-09
9.332254552621821444e-09
9.329856352183552869e-09
9.329841880303344721e-09
9.329638536706156630e-09
9.329580310993435531e-09
9.329701760810878262e-09
9.329768817827390525e-09
9.329708353337328346e-09
9.329713998029202142e-09
9.329712231082897131e-09
9.329718383384076678e-09
9.329721480610590703e-09
9.329731102279754580e-09
9.329755058879633663e-09
