7.906699003139214017e-07
3.529992856740985696e-07
3.886600783159551536e-07
4.294275247184639001e-07
5.592967667815506369e-07
1.037392579527648890e-06
1.006793176601100806e-06
1.035709309309015072e-06
1.553987846564278132e-06
2.119348160594116087e-06
1.757001485470230404e-06
1.878887560623086649e-06
2.139105985510398750e-06
2.035160571788571819e-06
4.815644621821085021e-06
4.337246030882162006e-06
1.106227337754229023e-05
1.735670457514622707e-05
1.600682132565046790e-05
1.020779912467032209e-05
6.029057844415411617e-06
7.737533878778853042e-06
7.586332185115594450e-06
6.893757507564652577e-06
5.908810441272488110e-06
4.616580862955372075e-06
3.620298422681284990e-06
2.614893257631121861e-06
2.251137154866700866e-06
2.251137154866700866e-06
2.251010429841977172e-06
1.344363480486555921e-06
0.000000000000000000e+00
3.181348017552950488e-04
1.321241641310069628e-03
6.774592717374032427e-04
4.500277125940746015e-04
2.862044686168791602e-04
2.311233813331761526e-04
2.737037417513366001e-04
4.053714770474911556e-04
2.390210851626383489e-04
2.353128896250427943e-04
3.362118512225937650e-04
4.399529610077581449e-04
4.107910547652979597e-04
3.783920160936767030e-04
3.312816115503357641e-04
3.136127541058711778e-04
3.671560093322232465e-04
6.662291641292021529e-04
6.180601098573269316e-04
5.805458857075203663e-04
4.788264104363631861e-04
5.235011953833726764e-04
4.911280880910339972e-04
2.923206020988847488e-06
2.834459332218934297e-06
1.814257047768744951e-06
1.776048076895458172e-06
1.769386205314914345e-06
1.698832379037476946e-06
1.565251237179426040e-06
5.687938422492100768e-07
4.620047255988650738e-07
4.596919685877103173e-07
4.498990172784732578e-07
4.298470434120317340e-07
3.919408977196192064e-07
2.875052605064058170e-07
1.526686923362283221e-08
0.000000000000000000e+00
0.000000000000000000e+00
0.000000000000000000e+00
0.000000000000000000e+00
0.000000000000000000e+00
0.000000000000000000e+00
0.000000000000000000e+00
0.000000000000000000e+00
0.000000000000000000e+00
0.000000000000000000e+00
0.000000000000000000e+00
0.000000000000000000e+00
0.000000000000000000e+00
0.000000000000000000e+00
0.000000000000000000e+00
0.000000000000000000e+00
0.000000000000000000e+00
0.000000000000000000e+00
0.000000000000000000e+00
0.000000000000000000e+00
0.000000000000000000e+00
0.000000000000000000e+00
0.000000000000000000e+00
0.000000000000000000e+00
4.590622430800106457e-10
0.000000000000000000e+00
3.063235783085094255e-09
0.000000000000000000e+00
0.000000000000000000e+00
0.000000000000000000e+00
0.000000000000000000e+00
0.000000000000000000e+00
0.000000000000000000e+00
0.000000000000000000e+00
0.000000000000000000e+00
0.000000000000000000e+00
0.000000000000000000e+00
0.000000000000000000e+00
0.000000000000000000e+00
0.000000000000000000e+00
0.000000000000000000e+00
0.000000000000000000e+00
0.000000000000000000e+00
0.000000000000000000e+00
8.913959102102575471e-09
9.797957079352159759e-09
9.879125991221759939e-09
0.000000000000000000e+00
0.000000000000000000e+00
0.000000000000000000e+00
0.000000000000000000e+00
0.000000000000000000e+00
0.000000000000000000e+00
0.000000000000000000e+00
0.000000000000000000e+00
0.000000000000000000e+00
0.000000000000000000e+00
0.000000000000000000e+00
0.000000000000000000e+00
9.598844175236209697e-09
0.000000000000000000e+00
0.000000000000000000e+00
0.000000000000000000e+00
0.000000000000000000e+00
0.000000000000000000e+00
0.000000000000000000e+00
0.000000000000000000e+00
0.000000000000000000e+00
0.000000000000000000e+00
0.000000000000000000e+00
0.000000000000000000e+00
0.000000000000000000e+00
0.000000000000000000e+00
0.000000000000000000e+00
0.000000000000000000e+00
0.000000000000000000e+00
0.000000000000000000e+00
0.000000000000000000e+00
0.000000000000000000e+00
0.000000000000000000e+00
0.000000000000000000e+00
0.000000000000000000e+00
0.000000000000000000e+00
0.000000000000000000e+00
0.000000000000000000e+00
0.000000000000000000e+00
0.000000000000000000e+00
0.000000000000000000e+00
0.000000000000000000e+00
0.000000000000000000e+00
0.000000000000000000e+00
0.000000000000000000e+00
0.000000000000000000e+00
0.000000000000000000e+00
0.000000000000000000e+00
0.000000000000000000e+00
0.000000000000000000e+00
1.258815691441983464e-09
0.000000000000000000e+00
0.000000000000000000e+00
0.000000000000000000e+00
0.000000000000000000e+00
0.000000000000000000e+00
0.000000000000000000e+00
0.000000000000000000e+00
0.000000000000000000e+00
0.000000000000000000e+00
0.000000000000000000e+00
0.000000000000000000e+00
0.000000000000000000e+00
0.000000000000000000e+00
0.000000000000000000e+00
0.000000000000000000e+00
0.000000000000000000e+00
5.010060907806312969e-10
1.614418012468865626e-09
1.190280585899872179e-09
0.000000000000000000e+00
0.000000000000000000e+00
0.000000000000000000e+00
0.000000000000000000e+00
0.000000000000000000e+00
0.000000000000000000e+00
0.000000000000000000e+00
0.000000000000000000e+00
0.000000000000000000e+00
0.000000000000000000e+00
0.000000000000000000e+00
0.000000000000000000e+00
0.000000000000000000e+00
0.000000000000000000e+00
0.000000000000000000e+00
0.000000000000000000e+00
0.000000000000000000e+00
0.000000000000000000e+00
0.000000000000000000e+00
0.000000000000000000e+00
0.000000000000000000e+00
0.000000000000000000e+00
0.000000000000000000e+00
0.000000000000000000e+00
0.000000000000000000e+00
0.000000000000000000e+00
0.000000000000000000e+00
0.000000000000000000e+00
0.000000000000000000e+00
0.000000000000000000e+00
0.000000000000000000e+00
0.000000000000000000e+00
0.000000000000000000e+00
0.000000000000000000e+00
0.000000000000000000e+00
0.000000000000000000e+00
0.000000000000000000e+00
0.000000000000000000e+00
0.000000000000000000e+00
0.000000000000000000e+00
0.000000000000000000e+00
0.000000000000000000e+00
0.000000000000000000e+00
0.000000000000000000e+00
0.000000000000000000e+00
0.000000000000000000e+00
0.000000000000000000e+00
0.000000000000000000e+00
0.000000000000000000e+00
0.000000000000000000e+00
0.000000000000000000e+00
0.000000000000000000e+00
0.000000000000000000e+00
0.000000000000000000e+00
0.000000000000000000e+00
0.000000000000000000e+00
0.000000000000000000e+00
0.000000000000000000e+00
0.000000000000000000e+00
0.000000000000000000e+00
0.000000000000000000e+00
0.000000000000000000e+00
0.000000000000000000e+00
0.000000000000000000e+00
0.000000000000000000e+00
0.000000000000000000e+00
0.000000000000000000e+00
0.000000000000000000e+00
0.000000000000000000e+00
0.000000000000000000e+00
0.000000000000000000e+00
0.000000000000000000e+00
0.000000000000000000e+00
0.000000000000000000e+00
0.000000000000000000e+00
0.000000000000000000e+00
0.000000000000000000e+00
0.000000000000000000e+00
0.000000000000000000e+00
0.000000000000000000e+00
0.000000000000000000e+00
0.000000000000000000e+00
0.000000000000000000e+00
0.000000000000000000e+00
0.000000000000000000e+00
0.000000000000000000e+00
0.000000000000000000e+00
0.000000000000000000e+00
0.000000000000000000e+00
0.000000000000000000e+00
0.000000000000000000e+00
0.000000000000000000e+00
0.000000000000000000e+00
0.000000000000000000e+00
0.000000000000000000e+00
0.000000000000000000e+00
0.000000000000000000e+00
0.000000000000000000e+00
0.000000000000000000e+00
0.000000000000000000e+00
0.000000000000000000e+00
0.000000000000000000e+00
0.000000000000000000e+00
0.000000000000000000e+00
0.000000000000000000e+00
0.000000000000000000e+00
0.000000000000000000e+00
0.000000000000000000e+00
0.000000000000000000e+00
0.000000000000000000e+00
0.000000000000000000e+00
0.000000000000000000e+00
0.000000000000000000e+00
0.000000000000000000e+00
0.000000000000000000e+00
0.000000000000000000e+00
0.000000000000000000e+00
0.000000000000000000e+00
0.000000000000000000e+00
0.000000000000000000e+00
0.000000000000000000e+00
0.000000000000000000e+00
0.000000000000000000e+00
0.000000000000000000e+00
0.000000000000000000e+00
0.000000000000000000e+00
0.000000000000000000e+00
0.000000000000000000e+00
0.000000000000000000e+00
0.000000000000000000e+00
0.000000000000000000e+00
0.000000000000000000e+00
0.000000000000000000e+00
0.000000000000000000e+00
0.000000000000000000e+00
0.000000000000000000e+00
0.000000000000000000e+00
0.000000000000000000e+00
0.000000000000000000e+00
0.000000000000000000e+00
0.000000000000000000e+00
0.000000000000000000e+00
0.000000000000000000e+00
0.000000000000000000e+00
0.000000000000000000e+00
0.000000000000000000e+00
0.000000000000000000e+00
0.000000000000000000e+00
0.000000000000000000e+00
0.000000000000000000e+00
0.000000000000000000e+00
0.000000000000000000e+00
0.000000000000000000e+00
0.000000000000000000e+00
0.000000000000000000e+00
0.000000000000000000e+00
0.000000000000000000e+00
0.000000000000000000e+00
0.000000000000000000e+00
0.000000000000000000e+00
0.000000000000000000e+00
0.000000000000000000e+00
0.000000000000000000e+00
0.000000000000000000e+00
0.000000000000000000e+00
0.000000000000000000e+00
0.000000000000000000e+00
0.000000000000000000e+00
0.000000000000000000e+00
0.000000000000000000e+00
0.000000000000000000e+00
0.000000000000000000e+00
0.000000000000000000e+00
0.000000000000000000e+00
0.000000000000000000e+00
0.000000000000000000e+00
0.000000000000000000e+00
0.000000000000000000e+00
0.000000000000000000e+00
0.000000000000000000e+00
0.000000000000000000e+00
1.245744056521669307e-09
6.127676553668859327e-09
7.822731074025313092e-09
8.983245404492468111e-09
9.481292875812563636e-09
9.792435209932115470e-09
9.931223690640145207e-09
9.973996871470713899e-09
9.967652314646358036e-09
9.954687012203589092e-09
9.954703998615865856e-09
9.918265091168887437e-09
9.810952494859748185e-09
9.934416789203481812e-09
9.968413788863372815e-09
9.964190077205170581e-09
9.963374042465389380e-09
9.936464324955540661e-09
9.936490193152014427e-09
9.859621667718254656e-09
9.869363784553719654e-09
9.869437059273344914e-09
9.869741586510105691e-09
9.946532923688078398e-09
9.979842008345229942e-09
9.983888965559017947e-09
9.993540085739827106e-09
9.997966843311445473e-09
9.999038062813436767e-09
9.998187416870862876e-09
9.998079010531402133e-09
9.997779111536875263e-09
9.997259478589093362e-09
9.996839148151970278e-09
9.982249950246657733e-09
9.983147329639674439e-09
9.994652043487928239e-09
9.995730410050640558e-09
9.995822142228050211e-09
9.995812066954101738e-09
9.995796919348709508e-09
9.995784880367786229e-09
9.995784672200969112e-09
9.995777074112144334e-09
9.995732581924432480e-09
9.986721449806168494e-09
9.989379559649513851e-09
9.993151320331072895e-09
9.994521120437749317e-09
9.994521474321338417e-09
9.998617003792453772e-09
9.998822991796885162e-09
9.998892699925043814e-09
9.998892193385788829e-09
9.999737461685587192e-09
9.999746662658903773e-09
9.999750909261972964e-09
9.999759881251790716e-09
9.999766487078787236e-09
9.999767382196100840e-09
9.999767805468628978e-09
9.999752588474297710e-09
9.998823574663973091e-09
9.997418580487416051e-09
9.991632216044266102e-09
9.992460206498243735e-09
9.992761479393763580e-09
9.982899111526943869e-09
9.960230036576422918e-09
9.964647502969103954e-09
9.968678715832623993e-09
9.967027876645051521e-09
9.948650091240462956e-09
9.940359868565451507e-09
9.940380372996937552e-09
9.972870959606972008e-09
9.978309054026190950e-09
9.991308301537937808e-09
9.991516614071827007e-09
9.992988124485346901e-09
9.992994223773088436e-09
9.993029813359921576e-09
9.993975591537918035e-09
9.987261344324149803e-09
9.978593791537537783e-09
9.978605934601869620e-09
9.979336759724510841e-09
9.980042792179233402e-09
9.956152818846319974e-09
9.960023847344068315e-09
9.960085152471709335e-09
9.960350155768793456e-09
9.928363034483744798e-09
9.849717597099072464e-09
9.728074908121886466e-09
9.847324233813736782e-09
9.877972627359010716e-09
9.877922903245295316e-09
9.878030046706065548e-09
9.877957306281270888e-09
9.877969525673435669e-09
9.789304526719444510e-09
9.771605975761321616e-09
9.759422499311387611e-09
9.759380796559025129e-09
9.759527554165092766e-09
9.759361825623091846e-09
9.759411279119944993e-09
9.759392086139406786e-09
9.759387804841868075e-09
9.759383079455119514e-09
9.759380040219589603e-09
9.759482659521534487e-09
9.759332453285196607e-09
9.759386021546134771e-09
9.759416261245767998e-09
9.759355851235440582e-09
9.759401516096222196e-09
9.759415248167258028e-09
9.759411875864820729e-09
9.759388290564441348e-09
9.252457522368473519e-09
9.401823146404364451e-09
9.401812828269129341e-09
9.401716419277228454e-09
9.401816783438654568e-09
9.401826241151045593e-09
9.401816332410550814e-09
9.401752334992075077e-09
9.401748699011669430e-09
9.401930470276376184e-09
9.401733697123049183e-09
9.401584379065131003e-09
9.401587230950525509e-09
9.401724898605579028e-09
9.401778584827713559e-09
9.401845794954066804e-09
9.401763145788777365e-09
9.728123542829258952e-09
9.782505451527701013e-09
9.782495022370163440e-09
9.782566180727148009e-09
9.782926038703898541e-09
9.782591681162244868e-09
9.782492184362556742e-09
9.782520564438623722e-09
9.782544919956226437e-09
9.782532846280833638e-09
9.782462125074165016e-09
9.782615426057184038e-09
9.782545655478980251e-09
9.782529043766974297e-09
9.782512175315893899e-09
9.782503314348378609e-09
9.782504736821628910e-09
9.782520675460926185e-09
9.863092870210365959e-09
9.943099864295756873e-09
9.976478060336191334e-09
9.989983520974909936e-09
9.997288170915386019e-09
9.992929608793055252e-09
9.992113518542122819e-09
9.990206766008480344e-09
9.989372426466580634e-09
9.980813384102837915e-09
9.984661764050883903e-09
9.989438234936365291e-09
9.991555936783580449e-09
9.996600894290885719e-09
9.997285492502339110e-09
9.999255208559265640e-09
9.998655882414997365e-09
9.997810149209307440e-09
9.996386718391647719e-09
9.996386163280135406e-09
9.996386531041512313e-09
9.999123910808815907e-09
9.999298576646165060e-09
9.999871354582356986e-09
9.999755828937750834e-09
9.999740216426467043e-09
9.999728052545453494e-09
9.999615954714435873e-09
9.999558174544898037e-09
9.999555149187155934e-09
9.999532410431832830e-09
9.999211278421960003e-09
9.998275957157076732e-09
9.999182704056863713e-09
9.998679689759981670e-09
9.998679946499056115e-09
9.998717680204105562e-09
9.998796311749824639e-09
9.998859303028684309e-09
9.998858983839564729e-09
9.998859309967578213e-09
9.999724395748366135e-09
9.998920601217431425e-09
9.999010078254322309e-09
9.999136345306691709e-09
9.999136275917752670e-09
9.999135797134073300e-09
9.999135797134073300e-09
9.999135845706330628e-09
9.998113822962118036e-09
9.997422854846060858e-09
9.997272003292589915e-09
9.996699162906352853e-09
9.979681935001760706e-09
9.976953187218473573e-09
9.973781606165132985e-09
9.989268162646780524e-09
9.991433139178163003e-09
9.991434506140262073e-09
9.991433735923038739e-09
9.991432868561300751e-09
9.991432549372181171e-09
9.991434547773625496e-09
9.991429864020240359e-09
9.991376087592485078e-09
9.995631065906618318e-09
9.996504540810136064e-09
9.996504922449300778e-09
9.996502292608511198e-09
9.996508024134875825e-09
9.996504152232077445e-09
9.996504769793634892e-09
9.996505755116569247e-09
9.996505595522009457e-09
9.996505144493905703e-09
9.996507753518013573e-09
9.996499621134358193e-09
9.985999978312509739e-09
9.988199732580138601e-09
9.988200558308513166e-09
9.988200481980680223e-09
9.988208773958895392e-09
9.988209689892890708e-09
9.988209689892890708e-09
9.988209717648466324e-09
9.988209946631965153e-09
9.988211119305034913e-09
9.988201134236707190e-09
9.988200704025285148e-09
9.988173739483574565e-09
9.988180477149555259e-09
9.995671089446656055e-09
9.998863043092498515e-09
9.998828459645281441e-09
9.998270704414391474e-09
9.995798223860763443e-09
9.989520058373280165e-09
9.992306281014773361e-09
9.996221385366599321e-09
9.996976739479190854e-09
9.991691155009085890e-09
9.991201449510711541e-09
9.991200457248883282e-09
9.993520615203532742e-09
9.993639700500711598e-09
9.994817411207446156e-09
9.994817667946520601e-09
9.980735682368901962e-09
9.986639848413858545e-09
9.986641083536973440e-09
9.986643352555280018e-09
9.986662136141077895e-09
9.958519842090396423e-09
9.953886583036197777e-09
9.977061274368814736e-09
9.981677540071842714e-09
9.981672571823807516e-09
9.992660657265339808e-09
9.986304831677284000e-09
9.982622339865798722e-09
9.982619127157921213e-09
9.982620098603067760e-09
9.982621201887198481e-09
9.993035926525450918e-09
9.994721987538479624e-09
9.995783638305777430e-09
9.995783749328079892e-09
9.998982766767916530e-09
9.997656133520216315e-09
9.997893991864348351e-09
9.998091070329007124e-09
9.998126070109858432e-09
9.998409801481589199e-09
9.998580789705169281e-09
9.998617829520828337e-09
9.998728824067715237e-09
9.998728796312139622e-09
9.998728962845593315e-09
9.999676926775169505e-09
9.998734638860806712e-09
9.998966550572863099e-09
9.998987388071256532e-09
9.998987450521301668e-09
9.998987436643513860e-09
9.998987124393288184e-09
9.998987506032452899e-09
9.998987277048954070e-09
9.998987429704619956e-09
9.999764412349509968e-09
9.999811277638936957e-09
9.999957986672747268e-09
9.999957993611641172e-09
9.999835681728796999e-09
9.999835681728796999e-09
9.999853681219583734e-09
9.999855790643330522e-09
9.999859107434616590e-09
9.999868565147007615e-09
9.999868579024795423e-09
9.999868565147007615e-09
9.999868565147007615e-09
9.999868558208113711e-09
9.999868579024795423e-09
9.999868544330325904e-09
9.999868558208113711e-09
9.999886821376868795e-09
9.999868572085901519e-09
9.999957993611641172e-09
9.999916561476140942e-09
9.999838200547284117e-09
9.999838235241753637e-09
9.999838193608390213e-09
9.999838228302859733e-09
9.999838207486178021e-09
9.999838228302859733e-09
9.999838214425071925e-09
9.999838228302859733e-09
9.999957986672747268e-09
9.999885149103437953e-09
9.999820256567648613e-09
9.999820214934285190e-09
9.999820214934285190e-09
9.999945760341688583e-09
9.999956480932770120e-09
9.999956522566133543e-09
9.999956536443921351e-09
9.999956522566133543e-09
9.999956550321709159e-09
9.999910184632643251e-09
9.999831150631077747e-09
9.999863596898972418e-09
9.999863603837866322e-09
9.999863596898972418e-09
9.999863617715654129e-09
9.999873366861589119e-09
9.999894953760524174e-09
9.999898790968853035e-09
9.999898770152171323e-09
9.999888604672602099e-09
9.999861244613938993e-09
9.999861244613938993e-09
9.999861251552832897e-09
9.999861237675045089e-09
9.999861258491726801e-09
9.999861223797257281e-09
9.999861251552832897e-09
9.999957986672747268e-09
9.999957993611641172e-09
9.999957993611641172e-09
9.999958007489428979e-09
9.999958007489428979e-09
9.999957993611641172e-09
9.999957993611641172e-09
9.999958007489428979e-09
9.999957986672747268e-09
9.999960276507735557e-09
9.999959874051889130e-09
9.999873810950798969e-09
9.999871375399038698e-09
9.999732937526761845e-09
9.999053321441131459e-09
9.999390669646057717e-09
9.997804188699443984e-09
9.998240901865074193e-09
9.998241033704058367e-09
9.998241005948482751e-09
9.998240985131801040e-09
9.998241554121101160e-09
9.998241241870875484e-09
9.999519968995063124e-09
9.999616600031568936e-09
9.999616669420507975e-09
9.999927524928509115e-09
9.999534790472441870e-09
9.999566487339794918e-09
9.999581870867579880e-09
9.999581905562049400e-09
9.999581954134306727e-09
9.999581836173110361e-09
9.999625218137797589e-09
9.999700019414081709e-09
9.999700165130853691e-09
9.999700532892230598e-09
9.999941756599906029e-09
9.999609668076558933e-09
9.999674102645350615e-09
9.999674289995486021e-09
9.999674178973183558e-09
9.999674158156501846e-09
9.999938647975437078e-09
9.999808932292797437e-09
9.999840844265861506e-09
9.999843356145454720e-09
9.999847214170465293e-09
9.999847207231571389e-09
9.999947515881846272e-09
9.999935782212254765e-09
9.999930238036025543e-09
9.999848331332383822e-09
9.999847207231571389e-09
9.999847207231571389e-09
9.999847221109359197e-09
9.999847221109359197e-09
9.999847248864934812e-09
9.999764911949871049e-09
9.999777200730974869e-09
9.999654840275873369e-09
9.998987603176967554e-09
9.998987193782227223e-09
9.998986638670714910e-09
9.998986666426290526e-09
9.999762858037275493e-09
9.999810215988169659e-09
9.999810215988169659e-09
9.999810215988169659e-09
9.999957986672747268e-09
9.999899901191877660e-09
9.999881520061926210e-09
9.999855395126377999e-09
9.999842003061143458e-09
9.999836188268051984e-09
9.999829526929904233e-09
9.999824621131914171e-09
9.999821769246519665e-09
9.999957993611641172e-09
9.999958000550535075e-09
9.999958000550535075e-09
9.999958007489428979e-09
9.999958007489428979e-09
9.999957993611641172e-09
9.999956106232499309e-09
9.999910802194200699e-09
9.999902246538017181e-09
9.999886904643595642e-09
9.999648380165648831e-09
9.999718698916471027e-09
9.999942894578506269e-09
9.999896688484000151e-09
9.999799571724921066e-09
9.999719503828163880e-09
9.999719496889269976e-09
9.999944844407693267e-09
9.999959305062589010e-09
9.999958000550535075e-09
9.999859724996174037e-09
9.999879951871903927e-09
9.999879937994116119e-09
9.999879924116328311e-09
9.999879944933010023e-09
9.999609522359786951e-09
9.999079376987740631e-09
9.999190350717945819e-09
9.999199128418734261e-09
9.999260523751996033e-09
9.999260468240844801e-09
9.999260371096330147e-09
9.999260836002221708e-09
9.999260676407661919e-09
9.999260613957616783e-09
9.999260579263147264e-09
9.999260502935314321e-09
9.999260738857707054e-09
9.999260724979919246e-09
9.999260697224343630e-09
9.999260787429964381e-09
9.999260523751996033e-09
9.998934444310769720e-09
9.998592932769501118e-09
9.998609565298188784e-09
9.998714682601939074e-09
9.998717721837468986e-09
9.998757016793646812e-09
9.998795388876935419e-09
9.998795610921540344e-09
9.998795624799328152e-09
9.999701705565300358e-09
9.999931771531578306e-09
9.999799648052754009e-09
9.999722536124799888e-09
9.999606177812925267e-09
9.999606177812925267e-09
9.999606288835227730e-09
9.999606233324076499e-09
9.999606191690713075e-09
9.999606184751819171e-09
9.999606212507394787e-09
9.999606205568500883e-09
9.999930813964219567e-09
9.999944775018754228e-09
9.999933929527582421e-09
9.999833634755095346e-09
9.999853771425204485e-09
9.999853743669628869e-09
9.999853757547416677e-09
9.999853757547416677e-09
9.999853757547416677e-09
9.999853743669628869e-09
9.999853750608522773e-09
9.999853771425204485e-09
9.999853840814143524e-09
9.999681242767177736e-09
9.999517248948652792e-09
9.999517540382196756e-09
9.999517457115469909e-09
9.999516839553912462e-09
9.999517040781835675e-09
9.999517158743032041e-09
9.999517089354093002e-09
9.999517124048562522e-09
9.999517179559713753e-09
9.999517290582016216e-09
9.999912904679053582e-09
9.999615246947257674e-09
9.999690506190539452e-09
9.999690971096431014e-09
9.999691019668688341e-09
9.999691442941216479e-09
9.999691574780200654e-09
9.999691609474670173e-09
9.999691741313654347e-09
9.999691748252548251e-09
9.999691817641487290e-09
9.999691921724895849e-09
9.999692331119636179e-09
9.999692213158439813e-09
9.999692268669591044e-09
9.999941222305075428e-09
9.999947599148573119e-09
9.999906118440815561e-09
9.999924444059615780e-09
9.999924444059615780e-09
9.999924450998509684e-09
9.999924437120721876e-09
9.999905618840454480e-09
9.999895723977747508e-09
9.999852480790938358e-09
9.999846034558501628e-09
9.999839990781911325e-09
9.999838991581189163e-09
9.999836361740399582e-09
9.999820249628754709e-09
9.999803061988554731e-09
9.999802548510405842e-09
9.999832094320648679e-09
9.999863048726354009e-09
9.999958000550535075e-09
9.999916880665260521e-09
9.999885801359464921e-09
9.999838165852814598e-09
9.999838158913920694e-09
9.999957993611641172e-09
9.999958014428322883e-09
9.999957993611641172e-09
9.999957972794959460e-09
9.999957986672747268e-09
9.999957986672747268e-09
9.999957979733853364e-09
9.999957993611641172e-09
9.999957993611641172e-09
9.999957993611641172e-09
9.999957570339113033e-09
9.999954531103583122e-09
9.999800813786929865e-09
9.999860217657641215e-09
9.999860217657641215e-09
9.999860238474322927e-09
9.999860224596535119e-09
9.999860224596535119e-09
9.999860210718747311e-09
9.999860210718747311e-09
9.999893066381382312e-09
9.999914493685757577e-09
9.999914507563545385e-09
9.999914521441333193e-09
9.999914479807969769e-09
9.999914500624651481e-09
9.999914486746863673e-09
9.999914507563545385e-09
9.999914500624651481e-09
9.999947626904148734e-09
9.999957986672747268e-09
9.999957993611641172e-09
9.999958000550535075e-09
9.999958000550535075e-09
9.999957993611641172e-09
9.999958000550535075e-09
9.999958007489428979e-09
9.999958007489428979e-09
9.999958007489428979e-09
9.999958000550535075e-09
9.999958000550535075e-09
9.999958000550535075e-09
9.999957993611641172e-09
9.999957986672747268e-09
9.999958000550535075e-09
9.999957993611641172e-09
9.999958000550535075e-09
9.999958000550535075e-09
9.999958000550535075e-09
9.999957986672747268e-09
9.999957979733853364e-09
9.999957979733853364e-09
9.999957979733853364e-09
9.999957979733853364e-09
9.999957972794959460e-09
9.999957847894869190e-09
9.999957847894869190e-09
9.999957840955975286e-09
9.999957840955975286e-09
9.999957875650444805e-09
9.999957910344914325e-09
9.999957938100489940e-09
9.999957945039383844e-09
9.999957958917171652e-09
9.999957993611641172e-09
9.999958007489428979e-09
9.999957986672747268e-09
9.999957986672747268e-09
9.999924187320541336e-09
9.999939355742615277e-09
9.999939369620403085e-09
9.999830186124825104e-09
9.999830012652477507e-09
9.999830040408053122e-09
9.999830012652477507e-09
9.999830019591371411e-09
9.999830026530265314e-09
9.999830033469159218e-09
9.999830026530265314e-09
9.999830033469159218e-09
9.999829991835795795e-09
9.999830026530265314e-09
9.999830026530265314e-09
9.999958000550535075e-09
9.999958007489428979e-09
9.999957993611641172e-09
9.999958007489428979e-09
9.999916408820475056e-09
9.999862320142494099e-09
9.999862299325812387e-09
9.999864387932877463e-09
9.999864020171500556e-09
9.999862340959175810e-09
9.999682269723475514e-09
9.999745823052741400e-09
9.999745809174953592e-09
9.999745809174953592e-09
9.999745823052741400e-09
9.999745816113847496e-09
9.999745816113847496e-09
9.999745816113847496e-09
9.999745816113847496e-09
9.999745836930529208e-09
9.999745746724908457e-09
9.999745753663802361e-09
9.999760235135379816e-09
9.999738675992020376e-09
9.999687924922007198e-09
9.999676274519142538e-09
9.999665463722440251e-09
9.999653709236167032e-09
9.999625107115495126e-09
9.999620381728746565e-09
9.999601403853919379e-09
9.999563004015055157e-09
9.999563226059660082e-09
9.999562830542707559e-09
9.999889437339870568e-09
9.999900400792238742e-09
9.999903204105375920e-09
9.999908172353411118e-09
9.999910004221401749e-09
9.999911503022484993e-09
9.999911475266909378e-09
9.999911489144697185e-09
9.999944344807332186e-09
9.999950277561620027e-09
9.999955488670941861e-09
9.999955488670941861e-09
9.999955481732047957e-09
9.999955495609835765e-09
9.999955495609835765e-09
9.999955495609835765e-09
9.999955495609835765e-09
9.999891449619102701e-09
9.999849399922045023e-09
9.999849413799832831e-09
9.999849441555408447e-09
9.999728295406740131e-09
9.999782744907204091e-09
9.999957986672747268e-09
9.999814268302209541e-09
9.999851419140171060e-09
9.999851384445701541e-09
9.999851426079064964e-09
9.999851433017958868e-09
9.999940410454488671e-09
9.999957993611641172e-09
9.999957993611641172e-09
9.999958000550535075e-09
9.999936802229658639e-09
9.999903120838649073e-09
9.999864235277211577e-09
9.999864235277211577e-09
9.999864249154999385e-09
9.999864242216105481e-09
9.999864179766060346e-09
9.999864228338317673e-09
9.999864235277211577e-09
9.999864256093893289e-09
9.999468912613718174e-09
9.999562414209073324e-09
9.999575036057084532e-09
9.999575306673946784e-09
9.999575306673946784e-09
9.999575237285007745e-09
9.999574938912569877e-09
9.999575001362615012e-09
9.999575015240402820e-09
9.999574994423721108e-09
9.999574987484827204e-09
9.999574980545933300e-09
9.999575070751554051e-09
9.999574987484827204e-09
9.999575029118190628e-09
9.999574994423721108e-09
9.999574994423721108e-09
9.999575008301508916e-09
9.999575008301508916e-09
9.999575008301508916e-09
9.999575001362615012e-09
9.999575008301508916e-09
9.997534675121322323e-09
9.998055716664566717e-09
9.998055119919690981e-09
9.998056535454047378e-09
9.998056375859487588e-09
9.998056035853686296e-09
9.998055945648065546e-09
9.998056105242625335e-09
9.998054960325131191e-09
9.998055480742173984e-09
9.998054578685966476e-09
9.998057118321135306e-09
9.998056826887591342e-09
9.998054925630661671e-09
9.998055612581158158e-09
9.998030868485496825e-09
9.984967852538773059e-09
9.988810258099167783e-09
9.988829263729570584e-09
9.988885510403555656e-09
9.988885767142630101e-09
9.988885461831298329e-09
9.988885635303645927e-09
9.988885364686783674e-09
9.988886801037821783e-09
9.988885926737189891e-09
9.988885024680982383e-09
9.988885531220237368e-09
9.988885683875903254e-09
9.988885649181433735e-09
9.988885461831298329e-09
9.988885781020417909e-09
