#  One load case for column. +2.5G, -1G, cruise with gust
0.000000 0.000000 0.000000
0.000000 0.000000 0.000000
0.118089 -0.020836 0.067335
0.000000 0.000000 0.000000
0.000000 0.000000 0.000000
0.118089 -0.020836 0.067335
0.000000 0.000000 0.000000
0.000000 0.000000 0.000000
0.096996 -0.019749 0.054860
0.000000 0.000000 0.000000
0.000000 0.000000 0.000000
0.096996 -0.019749 0.054860
0.000000 0.000000 0.000000
0.000000 0.000000 0.000000
0.100170 -0.023814 0.055923
0.000000 0.000000 0.000000
0.000000 0.000000 0.000000
0.100170 -0.023814 0.055923
0.000000 0.000000 0.000000
0.000000 0.000000 0.000000
0.088883 -0.024797 0.048810
0.000000 0.000000 0.000000
0.000000 0.000000 0.000000
0.088883 -0.024797 0.048810
0.000000 0.000000 0.000000
0.000000 0.000000 0.000000
0.088491 -0.028758 0.047755
0.000000 0.000000 0.000000
0.000000 0.000000 0.000000
0.088491 -0.028758 0.047755
0.000000 0.000000 0.000000
0.000000 0.000000 0.000000
0.079730 -0.029136 0.042662
0.000000 0.000000 0.000000
0.000000 0.000000 0.000000
0.079730 -0.029136 0.042662
0.000000 0.000000 0.000000
0.000000 0.000000 0.000000
0.084549 -0.033595 0.044754
0.000000 0.000000 0.000000
0.000000 0.000000 0.000000
0.084549 -0.033595 0.044754
0.000000 0.000000 0.000000
0.000000 0.000000 0.000000
0.079836 -0.034285 0.041783
0.000000 0.000000 0.000000
0.000000 0.000000 0.000000
0.079836 -0.034285 0.041783
0.000000 0.000000 0.000000
0.000000 0.000000 0.000000
0.075051 -0.034664 0.038811
0.000000 0.000000 0.000000
0.000000 0.000000 0.000000
0.075051 -0.034664 0.038811
0.000000 0.000000 0.000000
0.000000 0.000000 0.000000
0.055605 -0.027340 0.028431
0.000000 0.000000 0.000000
0.000000 0.000000 0.000000
0.055605 -0.027340 0.028431
0.000000 0.000000 0.000000
0.000000 0.000000 0.000000
0.062437 -0.032745 0.031521
0.000000 0.000000 0.000000
0.000000 0.000000 0.000000
0.062437 -0.032745 0.031521
0.000000 0.000000 0.000000
0.000000 0.000000 0.000000
0.061349 -0.034621 0.030477
0.000000 0.000000 0.000000
0.000000 0.000000 0.000000
0.061349 -0.034621 0.030477
0.000000 0.000000 0.000000
0.000000 0.000000 0.000000
0.055997 -0.034259 0.027276
0.000000 0.000000 0.000000
0.000000 0.000000 0.000000
0.055997 -0.034259 0.027276
0.000000 0.000000 0.000000
0.000000 0.000000 0.000000
0.052554 -0.035079 0.025002
0.000000 0.000000 0.000000
0.000000 0.000000 0.000000
0.052554 -0.035079 0.025002
0.000000 0.000000 0.000000
0.000000 0.000000 0.000000
0.046409 -0.034156 0.021423
0.000000 0.000000 0.000000
0.000000 0.000000 0.000000
0.046409 -0.034156 0.021423
0.000000 0.000000 0.000000
0.000000 0.000000 0.000000
0.038630 -0.031616 0.017166
0.000000 0.000000 0.000000
0.000000 0.000000 0.000000
0.038630 -0.031616 0.017166
0.000000 0.000000 0.000000
0.000000 0.000000 0.000000
0.033485 -0.030890 0.014173
0.000000 0.000000 0.000000
0.000000 0.000000 0.000000
0.033485 -0.030890 0.014173
0.000000 0.000000 0.000000
0.000000 0.000000 0.000000
0.015518 -0.015956 0.006262
0.000000 0.000000 0.000000
0.000000 0.000000 0.000000
0.015518 -0.015956 0.006262
0.000000 0.000000 0.000000
0.000000 0.000000 0.000000
0.000000 0.000000 0.000000
0.000000 0.000000 0.000000
0.000000 0.000000 0.000000
0.000000 0.000000 0.000000
0.000000 0.000000 0.000000
0.000000 0.000000 0.000000
0.054730 -0.013174 0.030347
0.000000 0.000000 0.000000
0.000000 0.000000 0.000000
0.054730 -0.013174 0.030347
0.000000 0.000000 0.000000
0.000000 0.000000 0.000000
0.056606 -0.014696 0.031182
0.000000 0.000000 0.000000
0.000000 0.000000 0.000000
0.056606 -0.014696 0.031182
0.000000 0.000000 0.000000
0.000000 0.000000 0.000000
0.058985 -0.016718 0.032217
0.000000 0.000000 0.000000
0.000000 0.000000 0.000000
0.058985 -0.016718 0.032217
0.000000 0.000000 0.000000
0.000000 0.000000 0.000000
0.040964 -0.012782 0.022147
0.000000 0.000000 0.000000
0.000000 0.000000 0.000000
0.040964 -0.012782 0.022147
0.000000 0.000000 0.000000
0.000000 0.000000 0.000000
0.039465 -0.013685 0.021121
0.000000 0.000000 0.000000
0.000000 0.000000 0.000000
0.039465 -0.013685 0.021121
0.000000 0.000000 0.000000
0.000000 0.000000 0.000000
0.031624 -0.012143 0.016761
0.000000 0.000000 0.000000
0.000000 0.000000 0.000000
0.031624 -0.012143 0.016761
0.000000 0.000000 0.000000
0.000000 0.000000 0.000000
0.030595 -0.012776 0.016036
0.000000 0.000000 0.000000
0.000000 0.000000 0.000000
0.030595 -0.012776 0.016036
0.000000 0.000000 0.000000
0.000000 0.000000 0.000000
0.027274 -0.012316 0.014126
0.000000 0.000000 0.000000
0.000000 0.000000 0.000000
0.027274 -0.012316 0.014126
0.000000 0.000000 0.000000
0.000000 0.000000 0.000000
0.025445 -0.012360 0.013018
0.000000 0.000000 0.000000
0.000000 0.000000 0.000000
0.025445 -0.012360 0.013018
0.000000 0.000000 0.000000
0.000000 0.000000 0.000000
0.023637 -0.012348 0.011930
0.000000 0.000000 0.000000
0.000000 0.000000 0.000000
0.023637 -0.012348 0.011930
0.000000 0.000000 0.000000
0.000000 0.000000 0.000000
0.022397 -0.012618 0.011132
0.000000 0.000000 0.000000
0.000000 0.000000 0.000000
0.022397 -0.012618 0.011132
0.000000 0.000000 0.000000
0.000000 0.000000 0.000000
0.019859 -0.012126 0.009693
0.000000 0.000000 0.000000
0.000000 0.000000 0.000000
0.019859 -0.012126 0.009693
0.000000 0.000000 0.000000
0.000000 0.000000 0.000000
0.015741 -0.010487 0.007516
0.000000 0.000000 0.000000
0.000000 0.000000 0.000000
0.015741 -0.010487 0.007516
0.000000 0.000000 0.000000
0.000000 0.000000 0.000000
0.013878 -0.010133 0.006457
0.000000 0.000000 0.000000
0.000000 0.000000 0.000000
0.013878 -0.010133 0.006457
0.000000 0.000000 0.000000
0.000000 0.000000 0.000000
0.010302 -0.008256 0.004653
0.000000 0.000000 0.000000
0.000000 0.000000 0.000000
0.010302 -0.008256 0.004653
0.000000 0.000000 0.000000
0.000000 0.000000 0.000000
0.008058 -0.007134 0.003511
0.000000 0.000000 0.000000
0.000000 0.000000 0.000000
0.008058 -0.007134 0.003511
0.000000 0.000000 0.000000
0.000000 0.000000 0.000000
0.005218 -0.004997 0.002201
0.000000 0.000000 0.000000
0.000000 0.000000 0.000000
0.005218 -0.004997 0.002201
0.000000 0.000000 0.000000
0.000000 0.000000 0.000000
0.000000 0.000000 0.000000
0.000000 0.000000 0.000000
0.000000 0.000000 0.000000
0.000000 0.000000 0.000000
