0.00000
0.00000
-0.00000
0.00000
15.81417
0.00000
-0.00000
0.00000
0.00000
0.00000
-0.00000
0.00000
0.00000
-0.00000
-0.00000
0.00000
0.00000
-0.00000
-0.00000
0.00000
-0.00000
-0.00000
-0.00000
-0.00000
-0.00000
-0.00000
-0.00000
-0.00000
-0.00000
-0.00000
-0.00000
0.00000
0.00000
0.00000
0.00000
0.00000
0.00000
0.00000
0.00000
0.00000
0.00000
0.00000
0.00000
0.00000
-0.00000
0.00000
0.00000
0.00000
-0.00000
-0.00000
0.00000
-0.00000
-0.00000
-0.00000
-0.00000
-0.00000
-0.00000
-0.00000
-0.00000
-0.00000
-0.00000
0.00000
0.00000
0.00000
0.00000
0.00000
0.00000
0.00000
0.00000
0.00000
-0.00000
0.00000
0.00000
0.00000
-0.00000
0.00000
0.00000
0.00000
-0.00000
-0.00000
0.00000
-0.00000
-0.00000
-0.00000
-0.00000
-0.00000
-0.00000
-0.00000
-0.00000
-0.00000
-0.00000
0.00000
0.00000
0.00000
-0.00000
0.00000
0.00000
0.00000
-0.00000
-0.00000
0.00000
0.00000
-0.00000
-0.00000
0.00000
0.00000
-0.00000
-0.00000
-0.00000
0.00000
-0.00000
-0.00000
-0.00000
-0.00000
-0.00000
-0.00000
-0.00000
-0.00000
0.00000
0.00000
-0.00000
0.00000
0.00000
-0.00000
-0.00000
0.00000
0.00000
0.00000
-0.00000
0.00000
-0.00000
-0.00000
-0.00000
0.00000
0.00000
-0.00000
-0.00000
-0.00000
-0.00000
-0.00000
-0.00000
-0.00000
-0.00000
-0.00000
-0.00000
0.00000
0.00000
0.00000
0.00000
0.00000
-0.00000
2.57130
0.00000
11.78718
0.00000
0.00000
0.00000
-0.00000
-0.00000
1.35519
0.00000
0.00000
-0.00000
-0.00000
-0.00000
-0.00000
-0.00000
-0.00000
-0.00000
-0.00000
-0.00000
0.00000
-0.00000
0.00000
0.00000
0.00000
0.00000
0.00000
0.00000
0.00000
-0.00000
-0.00000
0.00000
-0.00000
-0.00000
0.00000
0.00000
0.00000
-0.00000
-0.00000
-0.00000
-0.00000
-0.00000
-0.00000
-0.00000
-0.00000
-0.00000
-0.00000
0.00000
0.00000
-0.00000
0.00000
0.00000
0.00000
-0.00000
-0.00000
-0.00000
0.00000
-0.00000
-0.00000
0.00000
0.00000
-0.00000
-0.00000
-0.00000
-0.00000
-0.00000
-0.00000
-0.00000
-0.00000
0.00000
0.00000
-0.00000
0.00000
0.00000
0.00000
-0.00000
0.00000
0.00000
0.00000
-0.00000
0.00000
0.00000
-0.00000
-0.00000
0.00000
0.00000
-0.00000
-0.00000
0.00000
-0.00000
-0.00000
-0.00000
0.00000
0.00000
0.00000
0.00000
0.00000
0.00000
0.00000
0.00000
0.00000
0.00000
0.00000
0.00000
0.00000
-0.00000
0.00000
0.00000
0.00000
-0.00000
-0.00000
0.00000
-0.00000
-0.00000
0.00000
0.00000
0.00000
0.00000
0.00000
0.00000
0.00000
0.00000
0.00000
-0.00000
0.00000
0.00000
0.00000
-0.00000
0.00000
0.00000
0.00000
-0.00000
-0.00000
0.00000
-0.00000
-0.00000
0.00000
0.00000
0.00000
-0.00000
0.00000
0.00000
0.00000
-0.00000
-0.00000
0.00000
0.00000
-0.00000
-0.00000
0.00000
0.00000
-0.00000
-0.00000
-0.00000
0.00000
0.00000
0.00000
-0.00000
0.00000
0.00000
-0.00000
-0.00000
0.92988
0.00000
0.00000
-0.00000
0.00000
-0.00000
-0.00000
-0.00000
0.88830
0.00000
-0.00000
-0.00000
0.00000
0.00000
0.00000
0.00000
0.00000
-0.00000
0.00000
0.00000
0.00000
0.00000
-0.00000
0.00000
-0.00000
-0.00000
0.00000
0.00000
0.00000
-0.00000
0.00000
-0.00000
0.00000
0.00000
0.00000
1.35519
1.46835
18.80632
0.00000
-0.00000
-0.00000
0.00000
-0.00000
1.10295
0.00000
0.00000
0.00000
-0.00000
-0.00000
0.00000
0.00000
-0.00000
0.00000
0.00000
0.00000
-0.00000
-0.00000
-0.00000
0.00000
-0.00000
-0.00000
0.00000
0.00000
0.00000
0.00000
-0.00000
0.00000
0.00000
0.00000
-0.00000
0.00000
0.00000
0.00000
-0.00000
0.00000
0.00000
-0.00000
-0.00000
0.00000
0.00000
0.00000
0.00000
0.00000
0.00000
0.00000
0.00000
0.00000
0.00000
0.00000
0.00000
0.00000
-0.00000
0.00000
0.00000
0.00000
0.00000
0.00000
0.00000
0.00000
0.00000
0.00000
0.00000
0.00000
0.00000
0.00000
-0.00000
0.00000
0.00000
0.00000
-0.00000
0.00000
0.00000
0.00000
-0.00000
-0.00000
0.00000
0.00000
0.00000
0.00000
-0.00000
0.00000
0.00000
-0.00000
-0.00000
2.74806
0.00000
0.00000
-0.00000
0.00000
0.00000
0.00000
0.00000
0.00000
-0.00000
1.46835
0.00000
0.00000
0.00000
0.00000
-0.00000
0.00000
0.00000
0.00000
0.00000
0.00000
18.80632
0.00000
-0.00000
-0.00000
0.00000
0.00000
-0.00000
0.00000
0.00000
0.00000
0.00000
0.00000
-0.00000
0.00000
0.00000
0.00000
-0.00000
0.00000
0.00000
0.00000
0.00000
0.00000
0.00000
0.00000
0.00000
0.00000
0.00000
0.00000
-0.00000
0.00000
0.00000
0.00000
0.00000
0.00000
-0.00000
0.00000
0.00000
0.00000
