25.00000
50.00000
75.00000
25.00000
35.35534
55.90170
79.05694
25.00000
35.35534
55.90170
79.05694
35.35534
43.30127
61.23724
82.91562
50.00000
55.90170
70.71068
90.13878
55.90170
61.23724
75.00000
93.54143
75.00000
79.05694
90.13878
106.06602
79.05694
82.91562
93.54143
108.97247
25.00000
50.00000
35.35534
25.00000
35.35534
55.90170
35.35534
25.00000
35.35534
55.90170
43.30127
35.35534
43.30127
61.23724
55.90170
50.00000
55.90170
70.71068
61.23724
55.90170
61.23724
75.00000
79.05694
75.00000
79.05694
90.13878
82.91562
79.05694
82.91562
93.54143
25.00000
55.90170
35.35534
25.00000
35.35534
55.90170
35.35534
25.00000
35.35534
61.23724
43.30127
35.35534
43.30127
70.71068
55.90170
50.00000
55.90170
75.00000
61.23724
55.90170
61.23724
90.13878
79.05694
75.00000
79.05694
93.54143
82.91562
79.05694
82.91562
79.05694
55.90170
35.35534
25.00000
79.05694
55.90170
35.35534
25.00000
82.91562
61.23724
43.30127
35.35534
90.13878
70.71068
55.90170
50.00000
93.54143
75.00000
61.23724
55.90170
106.06602
90.13878
79.05694
75.00000
108.97247
93.54143
82.91562
79.05694
25.00000
50.00000
75.00000
35.35534
43.30127
61.23724
82.91562
25.00000
35.35534
55.90170
79.05694
55.90170
61.23724
75.00000
93.54143
50.00000
55.90170
70.71068
90.13878
79.05694
82.91562
93.54143
108.97247
75.00000
79.05694
90.13878
106.06602
25.00000
50.00000
43.30127
35.35534
43.30127
61.23724
35.35534
25.00000
35.35534
55.90170
61.23724
55.90170
61.23724
75.00000
55.90170
50.00000
55.90170
70.71068
82.91562
79.05694
82.91562
93.54143
79.05694
75.00000
79.05694
90.13878
25.00000
61.23724
43.30127
35.35534
43.30127
55.90170
35.35534
25.00000
35.35534
75.00000
61.23724
55.90170
61.23724
70.71068
55.90170
50.00000
55.90170
93.54143
82.91562
79.05694
82.91562
90.13878
79.05694
75.00000
79.05694
82.91562
61.23724
43.30127
35.35534
79.05694
55.90170
35.35534
25.00000
93.54143
75.00000
61.23724
55.90170
90.13878
70.71068
55.90170
50.00000
108.97247
93.54143
82.91562
79.05694
106.06602
90.13878
79.05694
75.00000
25.00000
50.00000
75.00000
25.00000
35.35534
55.90170
79.05694
25.00000
35.35534
55.90170
79.05694
35.35534
43.30127
61.23724
82.91562
50.00000
55.90170
70.71068
90.13878
55.90170
61.23724
75.00000
93.54143
25.00000
50.00000
35.35534
25.00000
35.35534
55.90170
35.35534
25.00000
35.35534
55.90170
43.30127
35.35534
43.30127
61.23724
55.90170
50.00000
55.90170
70.71068
61.23724
55.90170
61.23724
75.00000
25.00000
55.90170
35.35534
25.00000
35.35534
55.90170
35.35534
25.00000
35.35534
61.23724
43.30127
35.35534
43.30127
70.71068
55.90170
50.00000
55.90170
75.00000
61.23724
55.90170
61.23724
79.05694
55.90170
35.35534
25.00000
79.05694
55.90170
35.35534
25.00000
82.91562
61.23724
43.30127
35.35534
90.13878
70.71068
55.90170
50.00000
93.54143
75.00000
61.23724
55.90170
25.00000
50.00000
75.00000
35.35534
43.30127
61.23724
82.91562
25.00000
35.35534
55.90170
79.05694
55.90170
61.23724
75.00000
93.54143
50.00000
55.90170
70.71068
90.13878
25.00000
50.00000
43.30127
35.35534
43.30127
61.23724
35.35534
25.00000
35.35534
55.90170
61.23724
55.90170
61.23724
75.00000
55.90170
50.00000
55.90170
70.71068
25.00000
61.23724
43.30127
35.35534
43.30127
55.90170
35.35534
25.00000
35.35534
75.00000
61.23724
55.90170
61.23724
70.71068
55.90170
50.00000
55.90170
82.91562
61.23724
43.30127
35.35534
79.05694
55.90170
35.35534
25.00000
93.54143
75.00000
61.23724
55.90170
90.13878
70.71068
55.90170
50.00000
25.00000
50.00000
75.00000
25.00000
35.35534
55.90170
79.05694
25.00000
35.35534
55.90170
79.05694
35.35534
43.30127
61.23724
82.91562
25.00000
50.00000
35.35534
25.00000
35.35534
55.90170
35.35534
25.00000
35.35534
55.90170
43.30127
35.35534
43.30127
61.23724
25.00000
55.90170
35.35534
25.00000
35.35534
55.90170
35.35534
25.00000
35.35534
61.23724
43.30127
35.35534
43.30127
79.05694
55.90170
35.35534
25.00000
79.05694
55.90170
35.35534
25.00000
82.91562
61.23724
43.30127
35.35534
25.00000
50.00000
75.00000
35.35534
43.30127
61.23724
82.91562
25.00000
35.35534
55.90170
79.05694
25.00000
50.00000
43.30127
35.35534
43.30127
61.23724
35.35534
25.00000
35.35534
55.90170
25.00000
61.23724
43.30127
35.35534
43.30127
55.90170
35.35534
25.00000
35.35534
82.91562
61.23724
43.30127
35.35534
79.05694
55.90170
35.35534
25.00000
25.00000
50.00000
75.00000
25.00000
35.35534
55.90170
79.05694
25.00000
50.00000
35.35534
25.00000
35.35534
55.90170
25.00000
55.90170
35.35534
25.00000
35.35534
79.05694
55.90170
35.35534
25.00000
25.00000
50.00000
75.00000
25.00000
50.00000
25.00000
