-0.00000
-0.00000
-0.00000
0.00000
-424.26407
-0.00000
-0.00000
0.00000
-0.00000
-0.00000
-0.00000
0.00000
-0.00000
-0.00000
-0.00000
0.00000
-0.00000
-0.00000
-0.00000
0.00000
-0.00000
-0.00000
-0.00000
0.00000
-0.00000
-0.00000
-0.00000
0.00000
-0.00000
-0.00000
-0.00000
0.00000
0.00000
-0.00000
0.00000
0.00000
0.00000
0.00000
0.00000
0.00000
-0.00000
-0.00000
0.00000
0.00000
-0.00000
0.00000
0.00000
-0.00000
-0.00000
0.00000
-0.00000
-0.00000
-0.00000
0.00000
-0.00000
-0.00000
-0.00000
0.00000
-0.00000
-0.00000
-0.00000
0.00000
-0.00000
-0.00000
0.00000
0.00000
0.00000
0.00000
0.00000
0.00000
-0.00000
0.00000
0.00000
0.00000
0.00000
0.00000
0.00000
-0.00000
0.00000
-0.00000
-0.00000
-0.00000
0.00000
-0.00000
-0.00000
-0.00000
0.00000
-0.00000
-0.00000
-0.00000
-0.00000
-0.00000
0.00000
0.00000
-0.00000
0.00000
0.00000
0.00000
-0.00000
-0.00000
-0.00000
0.00000
-0.00000
0.00000
0.00000
0.00000
0.00000
-0.00000
-0.00000
-0.00000
-0.00000
-0.00000
-0.00000
-0.00000
0.00000
-0.00000
-0.00000
-0.00000
0.00000
-0.00000
-0.00000
0.00000
-0.00000
-0.00000
-0.00000
0.00000
0.00000
0.00000
-0.00000
0.00000
-0.00000
-0.00000
-0.00000
0.00000
-0.00000
-0.00000
-0.00000
0.00000
-0.00000
-0.00000
-0.00000
0.00000
-0.00000
-0.00000
-0.00000
-0.00000
-0.00000
0.00000
0.00000
-0.00000
-0.00000
141.42135
0.00000
-235.70226
-0.00000
0.00000
0.00000
-0.00000
-0.00000
74.53560
0.00000
-0.00000
-0.00000
0.00000
0.00000
-0.00000
-0.00000
0.00000
0.00000
-0.00000
-0.00000
0.00000
-0.00000
0.00000
0.00000
-0.00000
0.00000
0.00000
0.00000
0.00000
-0.00000
-0.00000
-0.00000
-0.00000
0.00000
0.00000
-0.00000
-0.00000
-0.00000
-0.00000
-0.00000
-0.00000
0.00000
0.00000
-0.00000
-0.00000
-0.00000
0.00000
0.00000
0.00000
-0.00000
0.00000
0.00000
0.00000
-0.00000
-0.00000
-0.00000
-0.00000
0.00000
0.00000
-0.00000
0.00000
-0.00000
-0.00000
-0.00000
-0.00000
0.00000
-0.00000
-0.00000
-0.00000
0.00000
0.00000
-0.00000
-0.00000
-0.00000
0.00000
-0.00000
0.00000
0.00000
-0.00000
-0.00000
-0.00000
-0.00000
-0.00000
-0.00000
0.00000
0.00000
-0.00000
-0.00000
0.00000
-0.00000
-0.00000
-0.00000
0.00000
0.00000
-0.00000
-0.00000
0.00000
-0.00000
0.00000
0.00000
0.00000
-0.00000
0.00000
-0.00000
-0.00000
-0.00000
0.00000
0.00000
-0.00000
-0.00000
0.00000
-0.00000
-0.00000
-0.00000
0.00000
0.00000
-0.00000
0.00000
0.00000
0.00000
0.00000
0.00000
0.00000
0.00000
0.00000
-0.00000
-0.00000
0.00000
0.00000
-0.00000
-0.00000
0.00000
0.00000
-0.00000
-0.00000
-0.00000
-0.00000
-0.00000
0.00000
-0.00000
0.00000
0.00000
0.00000
0.00000
0.00000
-0.00000
0.00000
-0.00000
-0.00000
-0.00000
-0.00000
0.00000
-0.00000
-0.00000
-0.00000
0.00000
0.00000
0.00000
0.00000
0.00000
0.00000
-0.00000
51.14325
0.00000
-0.00000
-0.00000
0.00000
0.00000
-0.00000
-0.00000
48.85675
0.00000
0.00000
-0.00000
0.00000
0.00000
0.00000
-0.00000
-0.00000
-0.00000
0.00000
0.00000
-0.00000
-0.00000
0.00000
-0.00000
-0.00000
-0.00000
0.00000
0.00000
-0.00000
-0.00000
0.00000
0.00000
0.00000
0.00000
-0.00000
74.53560
80.75901
-300.00000
-0.00000
0.00000
0.00000
-0.00000
-0.00000
60.66234
0.00000
-0.00000
-0.00000
-0.00000
-0.00000
0.00000
0.00000
0.00000
0.00000
0.00000
0.00000
-0.00000
-0.00000
-0.00000
-0.00000
0.00000
0.00000
-0.00000
-0.00000
0.00000
0.00000
-0.00000
-0.00000
-0.00000
-0.00000
-0.00000
0.00000
0.00000
-0.00000
-0.00000
0.00000
-0.00000
-0.00000
-0.00000
0.00000
0.00000
0.00000
-0.00000
-0.00000
-0.00000
0.00000
0.00000
0.00000
-0.00000
0.00000
-0.00000
-0.00000
-0.00000
0.00000
0.00000
0.00000
0.00000
0.00000
0.00000
0.00000
0.00000
0.00000
0.00000
0.00000
-0.00000
-0.00000
0.00000
0.00000
0.00000
0.00000
-0.00000
0.00000
0.00000
-0.00000
0.00000
0.00000
-0.00000
-0.00000
0.00000
0.00000
0.00000
0.00000
0.00000
0.00000
0.00000
151.14325
0.00000
0.00000
0.00000
0.00000
0.00000
-0.00000
0.00000
-0.00000
-0.00000
80.75901
0.00000
0.00000
0.00000
0.00000
-0.00000
0.00000
0.00000
0.00000
0.00000
0.00000
-300.00000
0.00000
-0.00000
-0.00000
-0.00000
-0.00000
0.00000
0.00000
0.00000
-0.00000
0.00000
0.00000
-0.00000
-0.00000
-0.00000
-0.00000
-0.00000
0.00000
0.00000
0.00000
-0.00000
-0.00000
-0.00000
0.00000
0.00000
0.00000
0.00000
0.00000
0.00000
0.00000
0.00000
0.00000
0.00000
0.00000
0.00000
0.00000
0.00000
0.00000
