5.338499545184899824e-05
6.940196093176724459e-05
1.114159505561279943e-04
8.623506764406035994e-05
7.951967554966366263e-05
1.004357658663171117e-04
6.038498571752743484e-05
4.839239019433431543e-05
3.371351703539968359e-05
2.603160863905019224e-05
2.373386830750823947e-05
2.726637238066546352e-05
2.455102555750395446e-05
2.232760429540427222e-05
3.564619581515432423e-05
4.170010525160731967e-05
1.044813329775459486e-08
2.694659519738664166e-08
9.292104733883153119e-05
9.412272695249139899e-05
9.901756148900854484e-05
9.067362066636085356e-05
4.759506228764803261e-03
4.751796204026303636e-03
4.498377245794687139e-03
4.457662509167509626e-03
4.045565765454006701e-03
4.016814753374727681e-03
2.615943386877367296e-03
2.601561697579750972e-03
2.094782521010427404e-03
2.083760857993188255e-03
1.273192256519689852e-03
1.266542134709148842e-03
1.493526573202135684e-05
8.524744336311386027e-06
1.731363464511194439e-01
1.591707431791017369e-01
1.456641524664911147e-01
1.591707617091468741e-01
1.327718869590702455e-01
1.456644474296012459e-01
1.203430146662285566e-01
1.327721792266655931e-01
1.084627568766472899e-01
1.203432739827263592e-01
9.701290775917791043e-02
1.084629885825987988e-01
8.623878614776782359e-02
9.701311680941152038e-02
7.616474173003917603e-02
8.623896594651045411e-02
6.080148038437723640e-02
7.616490938958013490e-02
5.156967077494700735e-02
6.062300703473007951e-02
3.895430955865288036e-02
5.139117657808117690e-02
2.944657064951050965e-02
3.889656642946302118e-02
2.016483900161733511e-02
2.929130686878857193e-02
1.430858228212826717e-02
2.002287509533511728e-02
1.308660983757659393e-02
1.366625882944799350e-02
6.193708570089203301e-03
1.048571818919190844e-02
4.792052411511012536e-03
5.924861691480083278e-03
6.351729423017135612e-02
7.606259069251303240e-02
5.175336869039481175e-02
6.352071468180307823e-02
4.098729123261753843e-02
5.175617504565306615e-02
3.152053252649236054e-02
4.098951816994574060e-02
2.274432653417012007e-02
3.152222971047857064e-02
2.233506279573214265e-02
1.514332719602420538e-02
7.343412571071438084e-03
1.493727535469243500e-02
1.038629639721756982e-11
1.067586846269983833e-02
2.977360368838078536e-04
9.006739645913041520e-03
2.237217915146913377e-12
9.006744078181059404e-03
2.214070589560609911e-12
6.348197500500971265e-03
1.872895411242611217e-03
6.909934824870091023e-03
8.732262291240491109e-04
5.810088332265424087e-03
2.207560999093038977e-12
4.630724590874745958e-03
4.273991899196599546e-03
3.055387601715559009e-03
4.106384905084726165e-03
1.324524410740812556e-04
3.802180490375446902e-03
1.477466224482667283e-05
1.877161324290473185e-03
7.229797416181421186e-04
6.939783977503249934e-03
6.275616379533563785e-03
5.662323781411722143e-03
5.083584802318657191e-03
4.513733093644052390e-03
3.923167389979446279e-03
3.364343598949889793e-03
2.944700799061180253e-03
2.565392076413914799e-03
2.240001809185634876e-03
1.840137753961005327e-03
1.465410066121170495e-03
8.789543445709437595e-04
5.087933475018572649e-04
3.416065989694142099e-04
7.963482311213722299e-05
3.545004262223967837e-03
3.111281177852881757e-03
2.638260346761231185e-03
2.231721948862886579e-03
4.917624126422027141e-04
2.109576438250178548e-04
1.479914425031617032e-03
3.232712594186436597e-04
1.687657628093359888e-04
2.112319625988654014e-04
1.878828370545842846e-04
2.104612305937010922e-04
1.968912506008109724e-04
1.147335041738937154e-04
7.794139732768440331e-05
7.951922346238418518e-05
2.899082366798018726e-05
3.902186207201852228e-12
1.814766938134592181e-02
1.534822369793667311e-02
1.923052007354690940e-12
1.447097979940138897e-02
2.175471274528896556e-12
1.378576464505387213e-02
2.201527337518922856e-12
1.302720946547561431e-02
2.226901147199730276e-12
1.241843096500121896e-02
2.251480275646112647e-12
1.156437285116319880e-02
2.275136303621384425e-12
1.070693568935897518e-02
2.297747974120443689e-12
1.200517772545996349e-02
2.319186442659704567e-12
1.103763137733265384e-02
8.901694762469426762e-12
1.024311627844691833e-02
2.358025821187979156e-12
1.023549592097812606e-02
1.065481325648884232e-11
1.007479309349247967e-02
1.090853490222629055e-11
9.388658237338464232e-03
3.293431659577981844e-12
4.432887003310549690e-03
3.689642376185364031e-03
7.832516982038276523e-03
2.244509832481501285e-12
1.761575790182103810e-03
1.490784886068205993e-03
1.307765087051559159e-02
2.363361003655377276e-12
1.221601243024193935e-02
2.372801363099923772e-12
1.113541188512302132e-02
2.382542409663173833e-12
9.754605486608792717e-03
2.391849462427343254e-12
9.010776774476736070e-03
2.400803921713221941e-12
4.187914716635556607e-04
1.112952898238091064e-02
7.974086138841289181e-03
2.352041226324016513e-12
7.532347531699394583e-03
3.031880210302668544e-04
2.680097774745930130e-12
2.761852808570940208e-03
5.598714944774152436e-03
2.159737718926397821e-12
2.189136882423421248e-12
2.967487584902941608e-03
2.397422652404052404e-03
5.073346465865456083e-04
9.863953288892543091e-04
3.114269291750256147e-12
1.389370637746541138e-03
2.918223387287583685e-03
1.342493578345982375e-03
2.212315871760777735e-12
4.830771127551677208e-04
1.842642863768649130e-04
1.911739969406668995e-12
9.714116655809621305e-04
8.340670095897209102e-13
9.415622101318238545e-13
8.465898903667859495e-08
1.425097677111987986e-07
5.881209393612868751e-08
6.650042828711172777e-08
3.059071031466571810e-08
3.425834154237341464e-12
4.268719999089410754e-09
1.895396772435479444e-11
2.032124061249147768e-12
4.655729387804106357e-09
8.681975529063012381e-09
7.463722675060444128e-09
2.451859066069695618e-08
7.931635051592602870e-12
1.484063738397686620e-02
2.901732277887511741e-05
1.593630105491699952e-12
1.374740679026247199e-02
8.461873554771836073e-03
1.467556910154501801e-12
2.068305234319424484e-12
6.632069335076539417e-03
2.771327260491478751e-12
6.378461844770595419e-05
9.892820765101061585e-04
7.745464328943901279e-04
2.275339911107439632e-04
1.804905865375256899e-04
8.634993848217022757e-05
4.016627297216592962e-04
1.973300242455907065e-04
4.808033483994909765e-04
5.455029211720818462e-12
6.728387622322029582e-04
3.919868715060624021e-12
1.066035386648455054e-11
1.860103105494946241e-11
5.413592507763341260e-12
9.406526945519340097e-11
1.975283392584493894e-11
2.641119490350160808e-11
2.081891042797918714e-11
5.151051698743266352e-08
4.538611728698160103e-12
6.826340178952546153e-11
4.852936265776814043e-08
7.242963113061060622e-11
9.385793433035065190e-11
1.723532497605539861e-11
1.596726364171961556e-12
1.049488446507003599e-12
1.143987906784045311e-11
1.021979935963557468e-12
1.249580920430995328e-11
6.872220725744854529e-09
5.574756399339131066e-12
1.961045313665426690e-11
6.340197235677003773e-09
9.712867553546724881e-12
7.725471776616887291e-12
3.427188689622486594e-12
9.921354239516750294e-12
2.324454409808411334e-08
3.473567615387954588e-08
3.720603329000127382e-08
2.163048615003984802e-08
7.337043141972662483e-03
1.154579001296178340e-08
1.225484716773180752e-12
6.812339044976135384e-03
1.097554360154301573e-12
3.406677669337394420e-03
3.801411245267294087e-03
1.400618445818363964e-12
4.318955104240369998e-03
1.261810284748314643e-12
1.818742826028181259e-12
3.840096609334007170e-03
1.662671826244356251e-03
1.652552124865089896e-03
1.777125240855261575e-03
1.542812203370888882e-03
2.002156480921205364e-03
1.890558371590973352e-03
2.029763709129239237e-03
1.860443724058285803e-03
8.441573206036601584e-04
1.134548744755707389e-03
1.221483287543282574e-03
7.851254740103833689e-04
6.786574310258080807e-04
1.199472066611848020e-03
1.287445028881666282e-03
6.353994708023684782e-04
7.889620788218347329e-04
8.550628692119635480e-04
9.105955769072030448e-04
7.408589998548398194e-04
5.681177367401756299e-04
4.862451468339567506e-11
1.719026502652957850e-12
5.374724097941953153e-04
1.731363534332990284e-01
1.970069024911504929e-01
2.540515946012537538e-02
1.293314519019321862e-12
