9.565116164035967813e+03
5.117358155016858291e+03
3.227896232492191302e+03
2.513704052346666231e+03
2.298622219137628235e+03
2.217839714254404953e+03
2.180433530238765343e+03
2.162244252174053145e+03
2.153150070199186302e+03
2.724426432963283332e+03
3.254642798585538003e+03
5.893601040363990251e+03
4.936796429136476945e+03
4.719726143966745440e+03
4.706230020570565102e+03
4.706177302520736703e+03
4.706177301720596006e+03
1.659514149779599975e+05
4.601401679940844042e+04
1.832505267864949201e+04
8.591986820226291456e+03
5.039794808008901782e+03
3.553355023089235601e+03
2.766320874208251553e+03
2.381349203943618704e+03
2.193557877251868831e+03
2.099828668873974038e+03
2.052208920706217668e+03
2.028955954410701906e+03
2.017786175929788442e+03
2.012202381175841083e+03
2.714634590076382210e+03
2.501644313983028042e+03
2.477172145812872259e+03
2.476777417703638548e+03
2.476777131321982779e+03
2.476777131343830661e+03
2.476777131343845667e+03
2.476777131343841575e+03
6.469727237937718019e+04
1.818564161313737713e+04
9.079816634638389587e+03
5.390739909006319067e+03
3.808274514782407095e+03
3.091504679302704517e+03
2.734655950933955864e+03
2.571681260552295498e+03
2.491948180085069907e+03
2.452083892876280970e+03
2.432151920895101739e+03
2.422185135820251162e+03
2.493553896028122836e+03
2.937211143265896681e+03
2.705476018695470884e+03
2.654471619596648907e+03
2.634690702669683560e+03
2.631015476724721339e+03
2.629213600656912149e+03
2.628312637767206979e+03
2.627862019387686814e+03
2.627636149361685057e+03
2.627522487905992421e+03
2.627434843656611520e+03
2.627411764764124200e+03
2.627411768794454929e+03
2.627411768795763237e+03
