2.543315571573649514e+00
5.153069999999999595e-01
2.319274392105427296e+00
1.020461407832261358e+00
2.599812620507485406e+00
8.809311282370494434e-01
1.020530587599411732e+00
8.809323344247278476e-01
5.153159999999999963e-01
2.537446583231457442e+00
2.577470405134654197e+00
2.313164006140723039e+00
2.432178182376447229e+00
8.809304925622680749e-01
1.007401151237678594e+00
4.889300000000000312e-01
1.007462988077477695e+00
8.809304925622676308e-01
2.260181671646994239e+00
2.236402540182334864e+00
8.809331190879360340e-01
2.299600698924924025e+00
1.007465699577906326e+00
4.889370000000000105e-01
2.339378813938435275e+00
2.464313515471803218e+00
8.809323344247276255e-01
8.716543930096374293e-01
2.412223871139037357e+00
9.109020341491170791e-01
2.406688103747139706e+00
2.427992630364022020e+00
8.717021907239876910e-01
9.126601292096633289e-01
2.202942604075058153e+00
2.429198491763898904e+00
9.070204313365827220e-01
8.716557626569106931e-01
2.538270000000000248e-01
2.304646453552041230e+00
8.716552539209524442e-01
2.296656448305014031e+00
2.538300000000000001e-01
8.717013185770685624e-01
2.215288090342653060e+00
9.086954583076778391e-01
8.717026994325535183e-01
2.316577716122211417e+00
9.949295365486945375e-01
8.809329541650713358e-01
2.076335493674854593e+00
4.625559999999999672e-01
8.809323344247275145e-01
2.371573374566766645e+00
4.625550000000000495e-01
2.321787918012323981e+00
2.195420045217998606e+00
8.809309633138113771e-01
8.809312772271172820e-01
9.948695609867658218e-01
2.081821231139936668e+00
4.361770000000000369e-01
2.082496988189658893e+00
8.809323344247269594e-01
9.829402186430257204e-01
1.957921458471202136e+00
1.995080218393736615e+00
8.809331190879362561e-01
8.809304925622679638e-01
4.361680000000000001e-01
9.828803115593470752e-01
1.963094202305381009e+00
8.809303435720664543e-01
4.097969999999999668e-01
9.715218214312013600e-01
8.809331190879355900e-01
1.839507846873723373e+00
2.099176315800794779e+00
2.129771304261094400e+00
1.874418387487169824e+00
8.809323344247282916e-01
8.809304925622686300e-01
9.714657195084133168e-01
1.844367871046880492e+00
8.809318969682043976e-01
2.103721319106930387e+00
1.894348744142166030e+00
1.979850067455867668e+00
4.097920000000000451e-01
3.834180000000000366e-01
1.992127790933853726e+00
8.809329541650723350e-01
8.809323344247268484e-01
2.020348902577473016e+00
1.753756882183502563e+00
9.606892386130900796e-01
9.606377526050070559e-01
1.725640177952808552e+00
3.834149999999999503e-01
8.809303435720676756e-01
8.809304925622671867e-01
1.886431630550389427e+00
3.570379999999999665e-01
8.809284111152273500e-01
1.766327543157838020e+00
9.504632279588721699e-01
8.809299804377189735e-01
3.570290000000000408e-01
8.809281385703375822e-01
8.809270399982056521e-01
1.769861820218743942e+00
9.504125149938835726e-01
9.408761372747215246e-01
8.809368774827184279e-01
1.484256008849215158e+00
3.306580000000000075e-01
8.809350182720634415e-01
1.512424952588723226e+00
9.408293954431912187e-01
1.818729185357182088e+00
1.667622830351334962e+00
8.809344158908771760e-01
3.306529999999999747e-01
1.785859910085054736e+00
8.809331764152151800e-01
1.488177053508419556e+00
9.319325045645742156e-01
1.365851658740435903e+00
3.042779999999999929e-01
1.391773088547124004e+00
8.809290308583309637e-01
8.809368774827174287e-01
1.567701953561325690e+00
8.809270399982045419e-01
1.683290968608814442e+00
3.042769999999999642e-01
1.406572112018790399e+00
9.318903848999624540e-01
8.809350356297563911e-01
8.809368774827184279e-01
1.468046551247268905e+00
9.236541633880086533e-01
1.247444682773949154e+00
8.809228334587534404e-01
2.778979999999999784e-01
1.582987876264376315e+00
1.470554931649953989e+00
2.778909999999999991e-01
8.809209915764288912e-01
8.809348866403249323e-01
9.236135458236860440e-01
1.250740281953051536e+00
1.482849980679434188e+00
8.809368774827174287e-01
1.129029107890491268e+00
8.809290308583324070e-01
1.374623556949684078e+00
9.160609383791016302e-01
2.515189999999999926e-01
1.376792918851633463e+00
1.485362991729630489e+00
1.132011577016771575e+00
2.515139999999999598e-01
8.809271889889656038e-01
9.160249699113011124e-01
8.809350356297563911e-01
8.809290308583295204e-01
9.091699956025837137e-01
1.010608477368461156e+00
8.809368774827184279e-01
2.251390000000000058e-01
2.251380000000000048e-01
9.091385459461073237e-01
8.809270399982030986e-01
1.391005318645476496e+00
8.809350356297575013e-01
1.287119182438050791e+00
1.013278667840194824e+00
8.809290308583324070e-01
8.921928736125395165e-01
8.809368774827174287e-01
9.091252409811317881e-01
1.298769880473442662e+00
1.200986862119648668e+00
9.029976331248051880e-01
1.987599999999999922e-01
1.987510000000000110e-01
1.202478034976107057e+00
8.809271889889656038e-01
1.300602836879883428e+00
9.187905529466445786e-01
8.809348866403238221e-01
9.029679182805998572e-01
8.945499628863672337e-01
8.809290308583324070e-01
1.723790000000000044e-01
8.809368774827156523e-01
8.975582033210979249e-01
7.737772410041545701e-01
1.215062146558770317e+00
1.723760000000000014e-01
1.123986415086946300e+00
8.809271889889656038e-01
8.809350356297547258e-01
8.975330442072856352e-01
7.758212579583014801e-01
1.134284379278845734e+00
8.928653538294551995e-01
6.553653248845239254e-01
8.809290308583335172e-01
1.459999999999999909e-01
8.809368774827162074e-01
1.135463242293643482e+00
8.809270399982069844e-01
1.053035052123145521e+00
1.459990000000000177e-01
6.570883487781516985e-01
8.809350356297552809e-01
8.928445868100439720e-01
1.062300837851498647e+00
8.809306801383401941e-01
5.369496922431377106e-01
5.471401073299235751e-01
8.809290308583335172e-01
9.906644902912381534e-01
8.889247671704274545e-01
1.196199999999999902e-01
5.529566548112069269e-01
9.912387447532531315e-01
1.196130000000000110e-01
8.809271889889667140e-01
8.889068700938240752e-01
5.383682776687350735e-01
9.997555721775190918e-01
8.809286892819410131e-01
4.185427451575289837e-01
1.002467305523726315e+00
9.324100000000000443e-02
9.401084987042702679e-01
8.809290308583306306e-01
8.857650797564792233e-01
8.809368774827184279e-01
8.809350356297575013e-01
9.997803912359951584e-01
9.404251616157432991e-01
1.004126422580842171e+00
9.323599999999999943e-02
8.857512901650226311e-01
4.196482065969069364e-01
8.809271889889639384e-01
3.001271413851143710e-01
8.809368774827162074e-01
6.686000000000000276e-02
8.809348866403227118e-01
6.686100000000000376e-02
3.009202821346551038e-01
2.401350000000000151e-01
2.187502954639832797e+00
8.717021907239874690e-01
9.049194475045825303e-01
8.717021907239879130e-01
2.081820450645299747e+00
8.716552539209523331e-01
2.401319999999999844e-01
8.716552539209517780e-01
9.033287814572272811e-01
2.219988632876753520e+00
2.264400000000000301e-01
8.717013298590293724e-01
9.013359205141002750e-01
2.204214755174503715e+00
8.717018272861432049e-01
2.083904183185012915e+00
2.264380000000000281e-01
1.963094119398760995e+00
8.716549017460987203e-01
8.716557626569103601e-01
8.998298185707119812e-01
2.095912838939874234e+00
2.127459999999999907e-01
2.110524243987972337e+00
8.717026994325530742e-01
1.972419969283672803e+00
8.717013298590292614e-01
1.856722007773377703e+00
8.979481425628091928e-01
1.844367372572233155e+00
2.127419999999999867e-01
8.716543930096379844e-01
8.716543930096377624e-01
8.965283289377972142e-01
8.716996471939169044e-01
1.721089983141496527e+00
1.990499999999999770e-01
8.947553733216704330e-01
8.717011733094098824e-01
1.725636442402048054e+00
8.716527102539171068e-01
1.990480000000000027e-01
1.992961194487739007e+00
8.934227238323423359e-01
8.716542364515884600e-01
8.717003124434435923e-01
1.762945627837966045e+00
1.602679805332618113e+00
1.853549999999999920e-01
8.905251194396484049e-01
8.717062491344202968e-01
8.917621188371914753e-01
8.716593238324248372e-01
8.905168397116346446e-01
1.853540000000000187e-01
1.766468509779894225e+00
8.716533755392663618e-01
1.606913929594550039e+00
8.717028950422266442e-01
1.778792595411000432e+00
1.789903362370439011e+00
1.484272260407772492e+00
8.889727392355737390e-01
1.716599999999999793e-01
1.498161607904834325e+00
8.716951472539010703e-01
1.716590000000000060e-01
1.488193262247883730e+00
8.716482100715863268e-01
8.716559582771170600e-01
8.878162911824717396e-01
1.579649999999999943e-01
8.716993735371163510e-01
1.365842973232647806e+00
8.853185530016869365e-01
8.863804073020798979e-01
8.717028837602872615e-01
1.579650000000000221e-01
1.369450938734206424e+00
8.716559582771179482e-01
8.716610456479058078e-01
8.853133351130553219e-01
1.442700000000000093e-01
1.247436054994403243e+00
8.830239104174921749e-01
8.839994412447333971e-01
1.250730867652989353e+00
8.716473491613451197e-01
1.442700000000000093e-01
8.830226304240457180e-01
8.716559582771179482e-01
8.839981086003516619e-01
1.305749999999999966e-01
1.129015424465495521e+00
8.818264881800721433e-01
8.809362481366066477e-01
1.305749999999999966e-01
8.818203992202725550e-01
8.716559582771179482e-01
8.809402680976724520e-01
8.716610456479049196e-01
1.131997958434556084e+00
1.010613475285679685e+00
1.168809999999999849e-01
8.790487633282930702e-01
8.798512752965685912e-01
1.168800000000000117e-01
8.716473491613460078e-01
8.790563930146906291e-01
8.716559582771165049e-01
1.013282872104329657e+00
8.717079708572128549e-01
8.773878563104244854e-01
8.921928736125377402e-01
8.717028950422281985e-01
8.780952166621791566e-01
1.031859999999999999e-01
8.773923394445607427e-01
8.780895620037866278e-01
1.031849999999999989e-01
8.945491824377225232e-01
8.716559582771186143e-01
8.716610899885340880e-01
8.717028950422250899e-01
7.737859265126245667e-01
8.716942863900177807e-01
8.949100000000001498e-02
8.759281226584728630e-01
8.716473491613466740e-01
8.948100000000000498e-02
7.758306723119426929e-01
8.716559582771156167e-01
8.765296132225097736e-01
8.717079708572128549e-01
6.553616372843299454e-01
7.579500000000000126e-02
8.717028950422281985e-01
8.716559582771186143e-01
8.746871599057569613e-01
8.751995418097532342e-01
6.571019673536194761e-01
7.578699999999999326e-02
8.716942863900147831e-01
8.717028950422281985e-01
5.369546901741338862e-01
6.209999999999999548e-02
6.209300000000000236e-02
8.740648418647195550e-01
1.060814393096173092e+00
8.736489528500573920e-01
5.383732624304443659e-01
4.185340884850367038e-01
8.731663198589382224e-01
4.840600000000000458e-02
8.728344952973625670e-01
4.839699999999999558e-02
8.731606527186160926e-01
4.196403532788530177e-01
8.717028950422250899e-01
3.471100000000000574e-02
3.001271413851130943e-01
8.716559582771156167e-01
3.470199999999999674e-02
3.009202821346538270e-01
1.013932592072076977e+00
2.355304631809863825e+00
2.353047049731475493e+00
2.480465109761473830e+00
2.255516719571371009e+00
1.013934077934556699e+00
5.021269999999999900e-01
2.298255831248122494e+00
1.013869014925497858e+00
2.445028966603053799e+00
2.194516614334236948e+00
5.021230000009957450e-01
2.486165682500866669e+00
2.322676835989673005e+00
2.541022266754268344e+00
2.261476182731535722e+00
2.358422518256853895e+00
2.336241620033553179e+00
9.106500997496235206e-01
2.273499732391671024e+00
9.106509683457213455e-01
2.353047072476663892e+00
2.606839999999999713e-01
9.089392565276295244e-01
2.194493028344815411e+00
2.316320146845206818e+00
2.606670000019181699e-01
2.258347549182808667e+00
2.358422518256853451e+00
2.486165682500866225e+00
1.001130077565347998e+00
2.406500691596825892e+00
4.757470000000000310e-01
2.177655186312561941e+00
2.369969433494871325e+00
1.001066398072575137e+00
2.076114667823047100e+00
2.348258510411918465e+00
2.142811511339716368e+00
2.375339388740060009e+00
4.757369999999999655e-01
9.888654322995622525e-01
2.294449139513447644e+00
4.493670000011126264e-01
2.057057581114831279e+00
2.260273597782799460e+00
2.206835515381696755e+00
1.957714136742389588e+00
9.888047474754557697e-01
2.118435292145124826e+00
2.139580277288515742e+00
4.493610000000000104e-01
2.313450131342580374e+00
2.024150842626359914e+00
9.771578369567535116e-01
4.229870000000000019e-01
2.027352736769060915e+00
1.857859846762936362e+00
9.771024275427838690e-01
1.905493761014452003e+00
4.229849999999999999e-01
1.952462091684240120e+00
1.782131799319286225e+00
3.966080000012607298e-01
9.660305947360059431e-01
2.043806862261206891e+00
1.738262567418973337e+00
1.870306746122143426e+00
9.659741932634645645e-01
2.005607776746490600e+00
2.089560681885309634e+00
1.786839768028739561e+00
3.965980000000000061e-01
3.702280000000000015e-01
1.663792611198882554e+00
1.695287482521179667e+00
1.937360149381885055e+00
9.554985154912591927e-01
1.816387401803094992e+00
9.554473683599740141e-01
1.602507372266662955e+00
1.979391770809659556e+00
1.941395221670229487e+00
3.702219999999999955e-01
1.820085954599122369e+00
1.713292907559299749e+00
1.862428834424820767e+00
3.438480000000000425e-01
1.574698376803951305e+00
1.713434341987168485e+00
9.455944775753516440e-01
1.832374503667305810e+00
1.857056358356957704e+00
1.739855686561675885e+00
1.484098158702786607e+00
9.455473543350438881e-01
3.438460000014541551e-01
1.716792031497408555e+00
1.591420941816462431e+00
1.870674471504061964e+00
1.836071589196892173e+00
3.174690000000000012e-01
1.427117501580020598e+00
1.454121825556923264e+00
1.729144036296861087e+00
1.612618825280482504e+00
9.363152521245171611e-01
1.751439092724894175e+00
1.636552521015137929e+00
1.365706394206309682e+00
9.362698174185677402e-01
1.430896356624056676e+00
3.174589999999999912e-01
1.647874526405453732e+00
9.276951553721721755e-01
1.308777545803717635e+00
2.910890000000000422e-01
1.514351941070833485e+00
1.627967344157737806e+00
1.247312007528589062e+00
9.276543639421951370e-01
1.312235189438235805e+00
1.658793767234492122e+00
1.630986355399700605e+00
2.910829999999999806e-01
1.517025908941571188e+00
9.197632996505137326e-01
1.529278072367807217e+00
1.419163307000289809e+00
2.647089999999999721e-01
9.197264604957284817e-01
1.128904014686810564e+00
1.556376069785190497e+00
1.193596274667442669e+00
1.421494603014727964e+00
1.531955563650589713e+00
2.647070000000000256e-01
1.433569218794823019e+00
2.383289999999999853e-01
9.125190743562546780e-01
1.072088977652508435e+00
9.124840765536655907e-01
1.010500995336471641e+00
1.354048569402147573e+00
1.456955116658024796e+00
1.074920708424580207e+00
1.435905088681002972e+00
2.383210000000000051e-01
1.329700382379429557e+00
1.341488744106337228e+00
1.240819940724680048e+00
9.059855559383939161e-01
2.119489999999999985e-01
9.059546752244290735e-01
8.920980009107748465e-01
1.214989378564273803e+00
9.010926736251942959e-01
9.084467698907849886e-01
9.562372888044047281e-01
1.263185231371867445e+00
2.119449999999999945e-01
1.242469879111762765e+00
1.343484696228430364e+00
9.001775129517515239e-01
1.855700000000000127e-01
8.353023925764861968e-01
8.510553537485104902e-01
1.253837244350717972e+00
1.159533895409704751e+00
9.001515380401239330e-01
7.736949566696176284e-01
1.177950551918035549e+00
8.375093643655587838e-01
1.255495918272935718e+00
1.855680000000000107e-01
1.160852033895795277e+00
1.171621872484463367e+00
8.951099560439502723e-01
1.094040034825048746e+00
7.168371396272629203e-01
1.591899999999999982e-01
1.085102795217574689e+00
6.673045489587176027e-01
6.552955964875679662e-01
1.057190321059077620e+00
8.950861252198040185e-01
6.618944241198877476e-01
1.172940389406043726e+00
1.591820000000000179e-01
1.086100470352532987e+00
7.187440079750229138e-01
1.099652526839270950e+00
8.907948975656533319e-01
1.328100000000000114e-01
5.983048664694269325e-01
1.096039125583115892e+00
1.019020066709188654e+00
5.467318322541685482e-01
5.368926020434628965e-01
5.423056293724050070e-01
8.907755157440075955e-01
5.998990561752871598e-01
1.328060000000000074e-01
1.019718368423359944e+00
1.097049020007766718e+00
4.797006040323488207e-01
1.064299999999999968e-01
8.872436460386727841e-01
4.227181223889038275e-01
8.808371836321410298e-01
8.872282915664929659e-01
4.261676173537828349e-01
4.184982402937917345e-01
9.704542396733620846e-01
1.064299999999999968e-01
4.809679632782212222e-01
3.609573898675549342e-01
9.709120815444625130e-01
8.844728559254931843e-01
3.677426416408599019e-01
9.215828156063897714e-01
8.005100000000001104e-02
9.050559729922779129e-01
3.031208995450502264e-01
3.000951960228627757e-01
3.055945197741615771e-01
8.844609095155072653e-01
9.024237407205099037e-01
9.038578950703469728e-01
9.234026085023807617e-01
8.004299999999998916e-02
9.713548307904795731e-01
3.619240474187888079e-01
2.243486284075968840e+00
2.469889999999999863e-01
9.067816622473129362e-01
2.076092366444469928e+00
9.051519641209424538e-01
2.139557863540269000e+00
2.469729999999999981e-01
2.332930000000000281e-01
9.031017501998327424e-01
2.034327545570279394e+00
2.134870343755329358e+00
9.015567297413963344e-01
1.957692228874088558e+00
2.266795192974653705e+00
2.332789999999999864e-01
2.020763727414958577e+00
2.139578884290083582e+00
8.996172355696616663e-01
2.195989999999999887e-01
1.896957086367796919e+00
2.151504706833801350e+00
1.839292908110614855e+00
8.981552803702711474e-01
2.195840000045540530e-01
1.901968594342450691e+00
1.795142235966275424e+00
1.921118452506767493e+00
8.963238761284891831e-01
2.059030000024283380e-01
8.949498333186052257e-01
1.894570106655331765e+00
1.720887966341213549e+00
1.752443096631099317e+00
1.988235579590606594e+00
1.738260635454302649e+00
1.881475007094433050e+00
1.866980553109216068e+00
2.058900000024284915e-01
1.783167998952706279e+00
2.049398773348173997e+00
1.785127794482232133e+00
1.659974109357733152e+00
8.932378311205813048e-01
1.922069999999999890e-01
1.602492157598906397e+00
8.919512402704533605e-01
1.921960000000000057e-01
1.664358419698112046e+00
8.903348457440044550e-01
1.555942898354885529e+00
1.785130000000000050e-01
8.891358849366053363e-01
1.484098457717680786e+00
1.547260768072725723e+00
1.785009999999999930e-01
1.648169999999999913e-01
8.876517979483852239e-01
1.422997760955370561e+00
8.865419000955345741e-01
8.851702830105631081e-01
1.365683066389855815e+00
8.716490249314806649e-01
1.648070000000000090e-01
1.426747844364938622e+00
1.304515136994967905e+00
8.851652732823397374e-01
1.511219999999999786e-01
1.587412319986208464e+00
1.270159803174387925e+00
1.576052988330340465e+00
1.474033576138616741e+00
8.841361312603391864e-01
1.464697337766748486e+00
1.259881291868404363e+00
1.247289988878288014e+00
8.716525432080152180e-01
8.828840116912305414e-01
1.307956031256402696e+00
1.511130003308782110e-01
1.518676401514161389e+00
1.309402045792277036e+00
1.186022546062679206e+00
8.828840116912305414e-01
1.374259999999999926e-01
1.488848504653512927e+00
1.149583320610125581e+00
1.478789093290859835e+00
1.140279263582392399e+00
8.799751283417043268e-01
8.716576305987339124e-01
1.374190000000000134e-01
1.189146950464912367e+00
8.808012789074510795e-01
1.237310000000000076e-01
1.067548607600140587e+00
1.384860611920564644e+00
1.020695989712901541e+00
1.399654826876969960e+00
8.716439100664912232e-01
8.781959098720502066e-01
8.799615612627641470e-01
8.789440997014532631e-01
1.029023252458368454e+00
1.393599528926441788e+00
1.282089690490099132e+00
1.070368755943482908e+00
1.237240000000000006e-01
1.100360000000000088e-01
9.490969803497434354e-01
9.580156797907857236e-01
1.294971299309755963e+00
9.010941045090672397e-01
8.716576237382424042e-01
8.781957879795381228e-01
8.766371397585203118e-01
9.084448655394545824e-01
8.772921680517838938e-01
9.526641045515471529e-01
1.100300000000000028e-01
9.515955461749502353e-01
9.634099999999998221e-02
8.772798048376597713e-01
8.306763787065345461e-01
1.120087369531502119e+00
7.815057389962026813e-01
8.716525363474809662e-01
8.716439134904818697e-01
7.878819836631631990e-01
8.752795486791614676e-01
8.766223496928438053e-01
1.210028682480296380e+00
9.632599999999999496e-02
8.328712708456224023e-01
8.264499999999999624e-02
7.123104241438574791e-01
8.758434260186017672e-01
7.190124829125028594e-01
8.746150994746199059e-01
1.049834017037455158e+00
6.552849232692582460e-01
1.139124877486658027e+00
1.056336077008161789e+00
1.136029573806950133e+00
6.673086956791416391e-01
1.131147734119642090e+00
6.618999450589172495e-01
8.741446862053211531e-01
7.141792174237490132e-01
7.149924853458267116e-01
8.263200000000001100e-02
5.995997870613389846e-01
8.746021072036113120e-01
6.895000000000001128e-02
5.940151196804696054e-01
5.467354077330276452e-01
1.063361527996945499e+00
9.888321171746008442e-01
8.741304249990370367e-01
5.423115795370776482e-01
8.732129409399530529e-01
6.893799999999999928e-02
5.955711889438585205e-01
5.962457702156075401e-01
5.525399999999999756e-02
4.757968312473297989e-01
4.802805956948500432e-01
8.735909935896774003e-01
8.732124621470995773e-01
1.001179943770850178e+00
9.415721493698733235e-01
9.997660283166269757e-01
4.261587346857982350e-01
9.972093700743102085e-01
9.400549562174556062e-01
4.227098374109603540e-01
4.770542862190843003e-01
1.029278098717736345e+00
4.775927629277897934e-01
5.524400000000000144e-02
3.577124966729572919e-01
9.189545824147138386e-01
4.155899999999999872e-02
8.727849426496749885e-01
3.055937580579807245e-01
3.000919611135887677e-01
3.031214718969932331e-01
8.716525294915379307e-01
4.154900000000000260e-02
3.586444414737259834e-01
8.742063459286946170e-01
9.489527770916741378e-01
3.709060000000000135e-01
8.744556029536317832e-01
2.394830738966534867e+00
8.744504681489969622e-01
9.583963468033462885e-01
3.909180000000000432e-01
9.427237747012643387e-01
3.508940000000000392e-01
8.742020007080739674e-01
9.413398540346623600e-01
8.744607843705743955e-01
8.744666204338500393e-01
8.741964897441539817e-01
9.340930410253578398e-01
3.308830000015111072e-01
9.285145108386844148e-01
3.108699999999999797e-01
8.741915198267481424e-01
9.272217871496548636e-01
8.744713566132400473e-01
9.219800282229544397e-01
9.207338094954470309e-01
8.744775591454584385e-01
2.908590000017190480e-01
2.069907843851266804e+00
8.741865012392945333e-01
9.146383879162307551e-01
2.708480000000000332e-01
8.744818797402259536e-01
9.158343221969784675e-01
8.744853710091451404e-01
9.100925087462272689e-01
2.508360000000000034e-01
8.744947714108977088e-01
8.741761213994575508e-01
9.047515098323949401e-01
2.308240000000000292e-01
8.744959600043911152e-01
8.998273367157730851e-01
2.108140000000000014e-01
8.741613872300693089e-01
8.745135873621401323e-01
8.741605815643942456e-01
8.953280863772785647e-01
1.908010002620531553e-01
8.745059635708620771e-01
8.912372588312283961e-01
1.707899999999999974e-01
1.349179209903563104e+00
8.741514965862604569e-01
8.745116299969952767e-01
8.741510921625603725e-01
8.875916327343343903e-01
1.247094861201825333e+00
1.507779999999999954e-01
8.741454558761960758e-01
8.843807483770764755e-01
1.176794679622999551e+00
1.307669999999999944e-01
8.745136006375189286e-01
8.741571464221981058e-01
8.744922189619532826e-01
8.815949828010596345e-01
1.107550000000000062e-01
1.100009413870627561e+00
9.074299999999999033e-02
8.741640074516899839e-01
8.744779510656629506e-01
8.792520899355313890e-01
8.768325207335772031e-01
7.073199999999998933e-02
8.773521430987681891e-01
8.755162378642683541e-01
5.072000000000000119e-02
8.744218357617791204e-01
3.718560000000000199e-01
8.741707871812008923e-01
8.744161599175760413e-01
3.919219999999999926e-01
2.376063493709501095e+00
3.517899999999999916e-01
8.744309411257121800e-01
3.317340000000000289e-01
8.741608875121333888e-01
9.346722684925444780e-01
3.116680000016042729e-01
8.741559305415709247e-01
8.744385446130573669e-01
9.212709331146835545e-01
8.744438976503866590e-01
2.916010000017146830e-01
8.741502783640798802e-01
9.219678257878624050e-01
9.157830773764065180e-01
9.151574387552117162e-01
2.715449999999999808e-01
8.744477098677765348e-01
9.094473400483403802e-01
2.514790000000000081e-01
8.741356238593644967e-01
1.751651944305430364e+00
8.744569513703929209e-01
9.041415457908116293e-01
8.741347245133322952e-01
1.648155915746140288e+00
1.634440280930753664e+00
8.744606479424893442e-01
2.314129999999999798e-01
8.741256680249123168e-01
8.744674757245127772e-01
2.113459999999999783e-01
8.996486029695145437e-01
8.992552528737328688e-01
8.947993869292711899e-01
8.951078892854203994e-01
8.744795106233190785e-01
1.912900002613832362e-01
8.741191427374190859e-01
8.909965263619150644e-01
8.907512964239804321e-01
1.712239999999999873e-01
8.741157342709252598e-01
8.744775399059724341e-01
8.873225334685224119e-01
8.871520184703417522e-01
8.744775399059724341e-01
1.511580000000000146e-01
8.741097064442182596e-01
1.264821609649362744e+00
8.839911372638290521e-01
8.741096113188565608e-01
8.744769601882039778e-01
1.311019999999999963e-01
1.092833096517487945e+00
8.812621800009349249e-01
8.744612216101955715e-01
1.110350004503084520e-01
8.741183568030115314e-01
8.789673590873553488e-01
8.741309089032391899e-01
1.033215608416751641e+00
8.744436954429941622e-01
9.097000000000000919e-02
8.771248784095692086e-01
8.771033035515253262e-01
7.091300000000000381e-02
5.084699999999999637e-02
9.209880690546436988e-01
8.757066445020286194e-01
2.353145564679541835e+00
2.296541143265018459e+00
2.158435163385502342e+00
2.018602125771198352e+00
1.900270534809452183e+00
1.921251910381613248e+00
1.663616486990015186e+00
1.545289115800987823e+00
1.426974338767169170e+00
1.308638310001660532e+00
1.190324594812691039e+00
1.071974910031014305e+00
9.536078603052720037e-01
8.352135483599402166e-01
7.167608785006308603e-01
6.091138533320341608e-01
4.796495686446515805e-01
3.645203277034048672e-01
3.609239879309740773e-01
2.252132969037352161e+00
2.293462233648071003e+00
2.479861692858091438e+00
2.172829389691238511e+00
2.015204005704880785e+00
1.896734878316946205e+00
1.796244574533491178e+00
1.659778772488670118e+00
1.569610754455384560e+00
1.556898349752481980e+00
1.437229270723706653e+00
1.422822398784893583e+00
1.448955926710332687e+00
1.328325407514664436e+00
1.304362330866695840e+00
1.185874950609886458e+00
1.067423515868466843e+00
9.664287560912091513e-01
9.586043563373792820e-01
9.489858107163674505e-01
8.305790525892174925e-01
7.253230108193166048e-01
7.194546749789053619e-01
7.122269680298565220e-01
5.999771964074990249e-01
5.939368753866046680e-01
6.048696919039679987e-01
4.845072390129996909e-01
4.805761714036600463e-01
4.757410854918881493e-01
3.642511479748565817e-01
3.613082578976025694e-01
3.808320000000000038e-01
9.453282601726237244e-01
3.608160000000000256e-01
3.408009999999999651e-01
3.207859999999999601e-01
9.241918704452016797e-01
3.007700000016623743e-01
2.807540000017809123e-01
9.185722116877924615e-01
9.126099329006891470e-01
2.607379999999999698e-01
9.120268536627630374e-01
2.407230002077075937e-01
9.070642962221582284e-01
9.014784518561705928e-01
9.019100876561915170e-01
2.207069999999999865e-01
8.971941569270274197e-01
2.006910002491392453e-01
8.928777734516627484e-01
1.806750000000000023e-01
8.890079276502528272e-01
1.606619999999999715e-01
8.855686941372773457e-01
1.406499999999999972e-01
1.206399999999999972e-01
8.825871628094305033e-01
8.800459227932359019e-01
1.006350004968450257e-01
8.063399999999999734e-02
8.779602659004558385e-01
6.063900082455185581e-02
3.817989999999999995e-01
9.532451517511120187e-01
3.617350000013822009e-01
3.416710000014633875e-01
9.393156711952591609e-01
9.308587784922051078e-01
3.216060000015547038e-01
3.015320000000000222e-01
2.814679999999999960e-01
9.178209812648659982e-01
9.118933304180925070e-01
2.614040000000000252e-01
2.413289999999999880e-01
9.063767614789114413e-01
9.023443512368203301e-01
9.012679066603886957e-01
2.212649999999999895e-01
8.965900089226959135e-01
2.012009999999999910e-01
8.976079239267005239e-01
8.923256930269344300e-01
8.932944173675329003e-01
1.811370000000000202e-01
8.884997405649578406e-01
1.610710003104221522e-01
8.894153145836884988e-01
8.851182193605566795e-01
8.859676230224226012e-01
1.410059999999999925e-01
1.209490008267947586e-01
8.829634078624105653e-01
8.821956414679209546e-01
8.803852235385348779e-01
8.797135596317718909e-01
1.008900004955892438e-01
8.083899999999999419e-02
8.776873806253563393e-01
6.079500082243605164e-02
8.741374243698768476e-01
8.743749626641879047e-01
8.743800679664419651e-01
8.741321310820238111e-01
8.743852331432639957e-01
8.741278154011571377e-01
8.743904607193511147e-01
8.741173784938724989e-01
8.743751220751888598e-01
2.946736364950213627e+00
3.136234170861129655e+00
2.946742564259728248e+00
