2.543315571573649514e+00
2.382125135755886358e+00
5.153069999999999595e-01
2.319274392105427296e+00
1.020461407832261358e+00
2.599812620507485406e+00
8.809311282370494434e-01
2.357063880605911432e+00
1.020530587599411732e+00
8.809323344247278476e-01
5.153159999999999963e-01
2.537446583231457442e+00
2.577470405134654197e+00
2.313164006140723039e+00
2.200548060850523679e+00
2.432178182376447229e+00
8.809304925622680749e-01
1.007401151237678594e+00
4.889300000000000312e-01
1.007462988077477695e+00
2.362772623804711536e+00
8.809304925622676308e-01
2.485322999716133019e+00
2.260181671646994239e+00
2.304813952179221026e+00
2.236402540182334864e+00
8.809331190879360340e-01
2.299600698924924025e+00
1.007465699577906326e+00
4.889370000000000105e-01
1.007405234338694333e+00
2.339378813938435275e+00
2.426637485247641557e+00
2.194749999803622842e+00
2.464313515471803218e+00
8.809323344247276255e-01
2.319275172586470202e+00
2.675210000000000088e-01
2.415150137298715194e+00
8.716543930096374293e-01
2.412223871139037357e+00
2.321798600090025477e+00
9.109020341491170791e-01
2.334810146138653675e+00
2.406688103747139706e+00
2.675250000000000128e-01
2.427992630364022020e+00
2.313164035007461816e+00
8.717021907239876910e-01
9.126601292096633289e-01
2.202942604075058153e+00
2.429198491763898904e+00
9.070204313365827220e-01
2.200548060850523235e+00
8.716557626569106931e-01
2.430892123692246720e+00
2.538270000000000248e-01
9.086893399297694129e-01
2.304646453552041230e+00
2.301860099813192395e+00
8.716552539209524442e-01
2.423667720481502030e+00
2.441758512726432961e+00
2.296656448305014031e+00
2.538300000000000001e-01
2.194749999803621954e+00
8.717013185770685624e-01
9.070238165301944822e-01
2.316778899366316313e+00
2.215288090342653060e+00
9.086954583076778391e-01
8.717026994325535183e-01
9.948708095833346254e-01
2.316577716122211417e+00
2.190538752432378278e+00
9.949295365486945375e-01
2.351899646220688922e+00
2.227914734868460034e+00
8.809329541650713358e-01
2.076335493674854593e+00
4.625559999999999672e-01
8.809323344247275145e-01
2.115740709275595766e+00
2.249937770991233599e+00
2.371573374566766645e+00
4.625550000000000495e-01
2.321787918012323981e+00
2.138237722220099890e+00
2.195420045217998606e+00
8.809309633138113771e-01
9.949279955926457752e-01
8.809312772271172820e-01
9.948695609867658218e-01
2.081821231139936668e+00
4.361770000000000369e-01
2.082496988189658893e+00
8.809323344247269594e-01
9.829402186430257204e-01
9.828843049016501299e-01
2.117457625140583666e+00
2.207380158340424892e+00
2.240341539780709379e+00
1.957921458471202136e+00
1.995080218393736615e+00
8.809331190879362561e-01
2.258673906871463188e+00
2.087043497660985736e+00
8.809304925622679638e-01
2.212256876015305629e+00
4.361680000000000001e-01
2.016292693574273542e+00
9.828803115593470752e-01
1.963094202305381009e+00
9.829362243741961436e-01
8.809303435720664543e-01
2.138099464180981624e+00
1.975639011004541423e+00
4.097969999999999668e-01
9.715218214312013600e-01
8.809331190879355900e-01
2.008170073923770893e+00
1.839507846873723373e+00
2.099176315800794779e+00
2.129771304261094400e+00
1.874418387487169824e+00
8.809323344247282916e-01
9.714669765782062427e-01
9.715180167402975853e-01
8.809304925622686300e-01
9.714657195084133168e-01
1.844367871046880492e+00
2.146761857134834361e+00
2.027423621685907840e+00
8.809318969682043976e-01
2.103721319106930387e+00
1.894348744142166030e+00
1.979850067455867668e+00
4.097920000000000451e-01
9.606389497886296258e-01
3.834180000000000366e-01
1.900254051242096454e+00
1.992127790933853726e+00
8.809329541650723350e-01
8.809323344247268484e-01
1.870167762171350612e+00
2.020348902577473016e+00
1.721092974872072467e+00
1.753756882183502563e+00
9.606892386130900796e-01
9.606377526050070559e-01
1.725640177952808552e+00
9.606880410986706753e-01
3.834149999999999503e-01
1.918109837346391400e+00
8.809303435720676756e-01
8.809304925622671867e-01
2.035994864366066803e+00
1.874041807255377057e+00
1.996337956314260920e+00
1.772404684242004258e+00
1.793952069484858081e+00
1.602677806169725772e+00
1.886431630550389427e+00
3.570379999999999665e-01
8.809284111152273500e-01
1.912271897540985366e+00
1.633093938889311092e+00
1.766327543157838020e+00
9.504632279588721699e-01
8.809299804377189735e-01
9.504173499310709650e-01
9.504613011001552536e-01
1.810397198189393375e+00
3.570290000000000408e-01
1.926568896720800117e+00
8.809281385703375822e-01
8.809270399982056521e-01
1.650457228987775027e+00
1.769861820218743942e+00
1.890303685156435654e+00
9.504125149938835726e-01
1.606911155227010335e+00
1.664429720682131242e+00
9.408761372747215246e-01
1.805780881483963318e+00
8.809368774827184279e-01
1.689574965965700448e+00
1.484256008849215158e+00
3.306580000000000075e-01
8.809350182720634415e-01
1.512424952588723226e+00
9.408332445896042673e-01
1.782315109319898339e+00
9.408293954431912187e-01
1.818729185357182088e+00
1.704600212954638039e+00
1.667622830351334962e+00
8.809344158908771760e-01
3.306529999999999747e-01
1.785859910085054736e+00
1.528506199441141078e+00
8.809331764152151800e-01
1.488177053508419556e+00
9.408757690343619862e-01
1.564845795517563865e+00
9.319325045645742156e-01
9.318839466671793303e-01
1.587500160994006704e+00
1.365851658740435903e+00
1.680095547755841245e+00
1.701164104400278099e+00
3.042779999999999929e-01
1.391773088547124004e+00
8.809290308583309637e-01
8.809368774827174287e-01
1.712764148014839893e+00
1.567701953561325690e+00
8.809270399982045419e-01
1.683290968608814442e+00
3.042769999999999642e-01
1.406572112018790399e+00
9.318903848999624540e-01
1.369460353058824520e+00
8.809350356297563911e-01
9.319241075972861665e-01
1.601093337042221565e+00
8.809368774827184279e-01
9.236028580488470086e-01
1.580123737936052208e+00
1.468046551247268905e+00
9.236541633880086533e-01
1.598815824560165133e+00
1.488186418986546355e+00
1.247444682773949154e+00
8.809228334587534404e-01
1.271118870062512451e+00
2.778979999999999784e-01
1.500334466352419849e+00
1.582987876264376315e+00
1.284632857144794693e+00
1.470554931649953989e+00
2.778909999999999991e-01
9.236380604484629719e-01
8.809209915764288912e-01
8.809348866403249323e-01
9.236135458236860440e-01
1.250740281953051536e+00
1.609067973505470261e+00
1.392246410555258329e+00
1.482849980679434188e+00
8.809368774827174287e-01
1.499152944891213757e+00
1.129029107890491268e+00
8.809290308583324070e-01
1.150451057172359182e+00
1.374623556949684078e+00
9.160609383791016302e-01
2.515189999999999926e-01
9.160187963879348194e-01
1.376792918851633463e+00
1.485362991729630489e+00
1.162682988651678295e+00
1.132011577016771575e+00
2.515139999999999598e-01
9.160520194448570352e-01
8.809271889889656038e-01
9.160249699113011124e-01
8.809350356297563911e-01
1.508065533539241887e+00
1.402941486969788265e+00
1.285293939114705575e+00
8.809290308583295204e-01
9.091699956025837137e-01
1.402764071009806157e+00
1.300391500202918271e+00
1.010608477368461156e+00
8.809368774827184279e-01
1.029788149071934056e+00
9.091311902998355787e-01
1.388823200647225642e+00
2.251390000000000058e-01
2.251380000000000048e-01
9.091385459461073237e-01
1.410348685453708839e+00
8.809270399982030986e-01
1.309627631637709566e+00
1.391005318645476496e+00
8.809350356297575013e-01
1.040737973361210544e+00
1.287119182438050791e+00
1.013278667840194824e+00
9.091621449450014714e-01
1.310380249937017627e+00
8.809290308583324070e-01
1.213577185555166915e+00
8.921928736125395165e-01
8.809368774827174287e-01
9.091252409811317881e-01
9.029620234627814268e-01
1.298769880473442662e+00
1.200986862119648668e+00
9.029976331248051880e-01
1.987599999999999922e-01
1.987510000000000110e-01
1.316656961101106527e+00
1.202478034976107057e+00
8.809271889889656038e-01
1.300602836879883428e+00
9.187905529466445786e-01
8.809348866403238221e-01
9.029679182805998572e-01
8.945499628863672337e-01
9.029882167697431683e-01
1.221353115090390240e+00
8.809290308583324070e-01
1.222891970860876532e+00
1.723790000000000044e-01
7.884623329043699558e-01
8.809368774827156523e-01
8.975263026168095459e-01
1.122824279030786299e+00
8.975582033210979249e-01
1.132948110365609384e+00
7.737772410041545701e-01
1.213556868018964785e+00
1.139280676662254743e+00
1.227897467039084090e+00
1.215062146558770317e+00
1.723760000000000014e-01
7.968455376696298442e-01
1.123986415086946300e+00
8.809271889889656038e-01
8.809350356297547258e-01
8.975495413869926109e-01
8.975330442072856352e-01
7.758212579583014801e-01
1.134284379278845734e+00
1.052173593899788040e+00
8.928653538294551995e-01
1.141443515676967557e+00
1.059914338283993507e+00
6.553653248845239254e-01
8.809290308583335172e-01
6.678032096179215005e-01
1.459999999999999909e-01
8.809368774827162074e-01
8.928370082881884606e-01
1.135463242293643482e+00
8.809270399982069844e-01
6.749038347238793811e-01
1.053035052123145521e+00
1.459990000000000177e-01
6.570883487781516985e-01
8.928574484451606841e-01
8.809350356297552809e-01
8.928445868100439720e-01
1.145233653801701390e+00
1.064839591986040057e+00
1.062300837851498647e+00
8.809306801383401941e-01
1.067405862292312824e+00
5.369496922431377106e-01
5.471401073299235751e-01
8.809290308583335172e-01
9.906644902912381534e-01
8.889247671704274545e-01
1.196199999999999902e-01
8.889061770788876382e-01
9.961684988539832863e-01
1.070065720926054231e+00
5.529566548112069269e-01
9.912387447532531315e-01
1.196130000000000110e-01
1.063162779493336041e+00
8.809271889889667140e-01
8.889068700938240752e-01
5.383682776687350735e-01
8.889221902821431431e-01
9.997555721775190918e-01
8.809286892819410131e-01
9.436109497478274433e-01
4.185427451575289837e-01
1.002467305523726315e+00
4.264858888591746555e-01
8.857439069669053033e-01
9.992010873337756616e-01
9.324100000000000443e-02
9.401084987042702679e-01
8.809290308583306306e-01
8.857650797564792233e-01
8.809368774827184279e-01
8.809350356297575013e-01
9.997803912359951584e-01
4.310198050774468603e-01
9.404251616157432991e-01
8.857568545599846521e-01
1.004126422580842171e+00
9.323599999999999943e-02
8.857512901650226311e-01
4.196482065969069364e-01
8.809271889889639384e-01
9.459814947983903322e-01
3.001271413851143710e-01
9.042279394798626857e-01
3.058229807519383114e-01
8.833663525989646770e-01
8.809368774827162074e-01
9.023731079154557744e-01
6.686000000000000276e-02
8.809348866403227118e-01
6.686100000000000376e-02
9.055659667440015825e-01
9.025023976699443340e-01
3.009202821346551038e-01
3.090747897661671462e-01
8.833758135861532468e-01
2.401350000000000151e-01
2.187502954639832797e+00
8.717021907239874690e-01
2.313511706208551288e+00
2.206436595388364896e+00
2.330445352359072686e+00
2.076335493674854149e+00
9.049194475045825303e-01
9.033327193254985232e-01
2.095765400557514369e+00
8.717021907239879130e-01
2.318710576916619193e+00
2.081820450645299747e+00
8.716552539209523331e-01
2.401319999999999844e-01
2.195018202488079329e+00
8.716552539209517780e-01
2.320273837639213355e+00
9.033287814572272811e-01
9.049154175153608648e-01
2.192373653059167538e+00
2.084086110127170155e+00
2.219988632876753520e+00
2.079368158689796964e+00
2.264400000000000301e-01
2.097106009871936738e+00
8.717013298590293724e-01
1.957922353002283344e+00
9.013359205141002750e-01
8.998340362639107859e-01
1.976243344761468679e+00
2.204214755174503715e+00
8.717018272861432049e-01
2.083904183185012915e+00
2.264380000000000281e-01
1.963094119398760995e+00
2.210513413443582209e+00
8.716549017460987203e-01
9.013325943840049259e-01
2.086405626395068325e+00
8.716557626569103601e-01
1.965230114112338944e+00
2.209081370809594436e+00
8.998298185707119812e-01
2.095912838939874234e+00
1.988953146691998519e+00
2.127459999999999907e-01
2.110524243987972337e+00
1.839508317798536741e+00
8.717026994325530742e-01
1.972419969283672803e+00
8.717013298590292614e-01
8.965320990734241269e-01
1.856722007773377703e+00
8.979481425628091928e-01
1.844367372572233155e+00
1.978975875109144189e+00
2.127419999999999867e-01
2.101746744784680931e+00
8.716543930096379844e-01
8.716543930096377624e-01
8.979452729142238798e-01
1.976619477056725360e+00
1.846374980542685673e+00
2.100446663061455332e+00
8.965283289377972142e-01
1.737195168626138431e+00
1.988764180615942179e+00
2.002209525761476261e+00
1.866859946386176361e+00
8.716996471939169044e-01
1.882180227870857925e+00
1.721089983141496527e+00
1.990499999999999770e-01
8.947553733216704330e-01
8.717011733094098824e-01
8.934230282917495769e-01
1.725636442402048054e+00
1.994131296037950252e+00
1.872931270621534194e+00
8.716527102539171068e-01
1.990480000000000027e-01
1.727514083534486877e+00
1.992961194487739007e+00
8.934227238323423359e-01
8.947503382273740424e-01
1.870721722461145431e+00
8.716542364515884600e-01
8.717003124434435923e-01
1.762945627837966045e+00
1.882983109888669349e+00
1.777044081830555067e+00
1.895261372017327028e+00
1.602679805332618113e+00
1.853549999999999920e-01
8.905251194396484049e-01
8.717062491344202968e-01
1.617677401023145389e+00
8.917621188371914753e-01
1.887883438013057136e+00
8.917653985886647705e-01
1.768528981130928601e+00
1.608662399743960636e+00
1.886843385090559266e+00
8.716593238324248372e-01
8.905168397116346446e-01
1.853540000000000187e-01
1.766468509779894225e+00
8.716533755392663618e-01
1.606913929594550039e+00
1.660988774630642872e+00
8.717028950422266442e-01
1.778792595411000432e+00
1.673849959494579265e+00
1.789903362370439011e+00
1.484272260407772492e+00
8.889727392355737390e-01
8.878107738730141030e-01
1.716599999999999793e-01
1.498161607904834325e+00
8.716951472539010703e-01
1.664165231159455693e+00
1.716590000000000060e-01
1.488193262247883730e+00
8.716482100715863268e-01
8.716559582771170600e-01
1.783226420283190672e+00
1.666074636509722762e+00
1.489812841111593622e+00
1.782315567653495636e+00
8.878162911824717396e-01
8.889629808951552414e-01
1.579649999999999943e-01
1.676512248253497317e+00
8.716993735371163510e-01
1.686444780305894842e+00
1.365842973232647806e+00
1.561361231773096048e+00
8.853185530016869365e-01
1.572984251550218149e+00
1.378624441539101353e+00
8.863804073020798979e-01
8.717028837602872615e-01
1.579650000000000221e-01
1.369450938734206424e+00
1.680468322659191882e+00
8.716559582771179482e-01
8.716610456479058078e-01
8.863820546519435295e-01
1.565954949679268404e+00
1.564200115330516061e+00
1.370941649848380406e+00
1.679684829186713246e+00
8.853133351130553219e-01
1.474920637329683704e+00
1.442700000000000093e-01
1.585278727929255060e+00
1.247436054994403243e+00
8.717028950422275324e-01
8.830239104174921749e-01
1.259109379528243977e+00
8.839994412447333971e-01
8.717028950422266442e-01
1.464554607245492912e+00
1.576502679688174924e+00
1.250730867652989353e+00
1.580001602728616339e+00
8.716473491613451197e-01
1.468643374649203359e+00
1.442700000000000093e-01
1.579344323635601954e+00
8.830226304240457180e-01
8.716559582771179482e-01
8.839981086003516619e-01
1.467046412830896207e+00
1.252092595975233591e+00
1.371160851732575070e+00
1.305749999999999966e-01
8.717028950422275324e-01
1.380269427050023756e+00
1.129015424465495521e+00
1.139585602313403445e+00
8.818264881800721433e-01
8.717079821390870675e-01
8.809362481366066477e-01
1.479226364145799666e+00
1.486831666215447267e+00
1.482250188888840414e+00
1.305749999999999966e-01
8.818203992202725550e-01
1.374749198890110602e+00
8.716559582771179482e-01
1.133235008504415608e+00
1.481716565811425079e+00
8.809402680976724520e-01
8.716610456479049196e-01
1.373313780386697047e+00
1.131997958434556084e+00
1.281941871671254285e+00
1.385263808738610214e+00
1.289784535688034195e+00
1.391729153454795087e+00
1.010613475285679685e+00
1.168809999999999849e-01
8.790487633282930702e-01
8.716942751079654883e-01
8.717028950422260891e-01
1.020070540300522133e+00
8.798512752965685912e-01
1.387836424500020316e+00
1.168800000000000117e-01
8.798417927082126111e-01
1.285023717843759572e+00
1.283750966309275432e+00
1.014386045465925923e+00
8.716473491613460078e-01
1.387422818033493765e+00
8.790563930146906291e-01
8.716559582771165049e-01
1.013282872104329657e+00
1.295348242104800818e+00
1.300682825057668746e+00
1.197812267020586185e+00
8.717079708572128549e-01
8.773878563104244854e-01
1.204390991756828289e+00
8.921928736125377402e-01
9.005418114829525367e-01
8.717028950422281985e-01
8.780952166621791566e-01
1.031859999999999999e-01
1.200388572069892801e+00
1.297158372250666547e+00
8.773923394445607427e-01
8.780895620037866278e-01
1.031849999999999989e-01
1.199288224573224149e+00
8.955234786447521245e-01
8.945491824377225232e-01
8.716559582771186143e-01
8.716610899885340880e-01
1.297466784153258335e+00
8.717028950422250899e-01
1.214612075642261146e+00
7.737859265126245667e-01
1.119952555168744590e+00
8.759209380623358410e-01
1.125281975714975902e+00
7.810267494778914132e-01
8.765396513563984415e-01
8.716942863900177807e-01
8.949100000000001498e-02
1.210376780178801237e+00
7.766736072920212841e-01
1.211862880156002742e+00
8.759281226584728630e-01
1.121091270771474413e+00
8.716473491613466740e-01
8.948100000000000498e-02
7.758306723119426929e-01
1.212052872566210304e+00
8.716559582771156167e-01
8.765296132225097736e-01
1.122028432251607200e+00
8.717079708572128549e-01
1.049713848088611234e+00
1.053827909710119526e+00
6.553616372843299454e-01
8.752056887132300123e-01
8.746830889527942299e-01
6.614945347234530981e-01
1.131463843571238748e+00
7.579500000000000126e-02
8.717028950422281985e-01
1.134649836182511695e+00
1.132717495504064642e+00
8.716559582771186143e-01
1.051303236559271603e+00
1.132619305415545785e+00
8.746871599057569613e-01
8.716610456479051416e-01
8.751995418097532342e-01
1.050543020823037521e+00
6.578073045543030295e-01
6.571019673536194761e-01
7.578699999999999326e-02
8.716942863900147831e-01
8.717028950422281985e-01
8.736411076208565607e-01
9.916969843435058385e-01
5.419793338763020385e-01
8.740742462291185566e-01
1.059967058367380810e+00
1.062171242224623224e+00
5.369546901741338862e-01
6.209999999999999548e-02
9.887315166414002432e-01
1.060819152824834299e+00
6.209300000000000236e-02
8.740648418647195550e-01
9.898621917625723965e-01
8.716473491613435653e-01
8.716559582771186143e-01
5.389584323489150508e-01
1.060814393096173092e+00
8.736489528500573920e-01
9.892871304126035215e-01
5.383732624304443659e-01
9.988032173035901184e-01
4.185340884850367038e-01
8.731663198589382224e-01
4.840600000000000458e-02
8.728299350738376594e-01
8.717079821390886218e-01
9.406974019864214887e-01
4.224507438743604903e-01
9.387825334873899363e-01
9.974503053786702989e-01
8.717028950422269773e-01
9.979633033939687703e-01
8.716559582771173931e-01
9.980184250804203794e-01
8.728344952973625670e-01
4.839699999999999558e-02
8.731606527186160926e-01
9.394878441070980690e-01
9.390842537813116619e-01
4.200957746859643738e-01
8.716610456479064739e-01
4.196403532788530177e-01
8.717028950422250899e-01
8.722245250943110317e-01
3.471100000000000574e-02
9.463518378404501830e-01
9.456946470827665152e-01
3.029355430384484404e-01
3.001271413851130943e-01
9.459284152223136344e-01
9.460144450271350536e-01
8.716559582771156167e-01
8.724618448511067825e-01
3.470199999999999674e-02
3.009202821346538270e-01
3.012468116827125009e-01
8.808326401320517585e-01
1.013870500505365646e+00
1.013932592072076977e+00
2.573601242971606418e+00
2.336241333849095270e+00
2.536857157703799270e+00
2.355304631809863825e+00
2.557060826034061485e+00
2.312918011171385846e+00
2.353047049731475493e+00
2.480465109761473830e+00
2.519346573077233309e+00
2.394053291740599665e+00
2.255516719571371009e+00
1.013934077934556699e+00
5.021269999999999900e-01
2.298255831248122494e+00
2.460557077162405015e+00
1.013869014925497858e+00
2.340195318840074812e+00
8.808326400599606476e-01
2.426062687260574169e+00
2.299703954808313799e+00
2.234733483961119038e+00
1.001070129252691343e+00
2.445028966603053799e+00
1.001125254813802101e+00
2.194516614334236948e+00
2.321951147690235029e+00
8.808334248119786825e-01
2.216645406467394608e+00
5.021230000009957450e-01
2.486165682500866669e+00
2.322676835989673005e+00
2.418131344212923750e+00
2.541022266754268344e+00
2.261476182731535722e+00
2.358422518256853895e+00
2.406757239809823812e+00
2.336241620033553179e+00
9.089401070411621264e-01
8.716518491485000242e-01
9.106500997496235206e-01
2.445942094722195481e+00
2.312893165915149041e+00
2.427600459011532319e+00
2.355304250931713916e+00
2.273499732391671024e+00
2.480465140646205491e+00
9.106509683457213455e-01
2.353047072476663892e+00
2.606839999999999713e-01
2.373752149251264765e+00
2.499125551580192006e+00
2.252396815448157064e+00
2.216646121923388613e+00
8.716509402581975596e-01
2.333624147556971451e+00
9.089392565276295244e-01
2.194493028344815411e+00
2.461071331107044902e+00
8.716523578864459054e-01
2.234732531767951613e+00
9.051532627119015517e-01
9.067813242794542372e-01
2.444707604161282966e+00
2.296736989541684704e+00
2.423072741766536531e+00
2.316320146845206818e+00
2.260821166262603654e+00
2.487911890764823220e+00
2.606670000019181699e-01
2.361264883844461426e+00
2.258347549182808667e+00
2.358422518256853451e+00
2.486165682500866225e+00
2.282097331950809327e+00
1.001130077565347998e+00
2.406500691596825892e+00
4.757470000000000310e-01
2.137165010391569808e+00
2.243486284075969728e+00
2.177655186312561941e+00
2.369969433494871325e+00
2.211616682377396170e+00
1.001066398072575137e+00
2.333743921717419845e+00
9.888070194102588362e-01
2.076114667823047100e+00
9.888631598568126124e-01
2.097049270415457300e+00
8.808332597994921187e-01
2.348258510411918465e+00
2.228812610733347022e+00
8.808334248840697933e-01
2.316017825507610706e+00
2.190651611349462957e+00
2.114161464383929712e+00
2.200791404476580393e+00
2.142811511339716368e+00
2.304804825361358667e+00
2.248528585727342488e+00
2.426839322987824232e+00
2.375339388740060009e+00
4.757369999999999655e-01
9.888654322995622525e-01
2.294449139513447644e+00
2.171073504399378962e+00
4.493670000011126264e-01
2.018816369130437050e+00
2.057057581114831279e+00
2.260273597782799460e+00
2.134870321887725630e+00
2.206835515381696755e+00
2.223318274890259350e+00
1.957714136742389588e+00
2.102292847286742816e+00
9.888047474754557697e-01
8.808326400599605366e-01
2.118435292145124826e+00
9.771032932100879309e-01
8.808326400599599815e-01
1.977455631054461760e+00
9.771569710798767572e-01
2.082619038590351579e+00
1.993590506974538989e+00
2.236818922211183391e+00
2.139580277288515742e+00
2.265312957702092511e+00
4.493610000000000104e-01
2.078912355023414982e+00
2.313450131342580374e+00
2.024150842626359914e+00
2.192406594558135691e+00
2.183315629980466355e+00
9.771578369567535116e-01
4.229870000000000019e-01
2.027352736769060915e+00
1.900472718768675628e+00
1.936465040350587419e+00
2.151504600798474165e+00
2.061134707599918237e+00
1.839312215145922913e+00
1.994143519987717328e+00
1.857859846762936362e+00
8.808326400599613137e-01
9.659786034033046587e-01
2.126370032005247879e+00
9.771024275427838690e-01
2.009224286995855202e+00
8.808340446940042812e-01
2.098648333872305205e+00
1.975769596529413974e+00
1.873019337573694543e+00
9.660276147398682012e-01
2.113885651866960202e+00
2.200975665800283476e+00
1.905493761014452003e+00
2.156210513055717648e+00
4.229849999999999999e-01
2.031727040000452789e+00
1.957036913668212197e+00
2.081083238110624123e+00
2.073247884374176842e+00
1.952462091684240120e+00
1.782131799319286225e+00
3.966080000012607298e-01
9.660305947360059431e-01
1.815875836135830035e+00
2.043806862261206891e+00
1.921117634879238478e+00
1.720910427482499561e+00
1.901381231555891338e+00
8.808326400599598704e-01
1.738262567418973337e+00
8.808326400599613137e-01
1.870306746122143426e+00
2.017074619645737421e+00
9.554518632830221181e-01
9.659741932634645645e-01
9.554983605694982174e-01
1.991616002047081224e+00
1.752447339548324656e+00
1.887368129265194483e+00
2.005607776746490600e+00
2.089560681885309634e+00
1.786839768028739561e+00
1.971014622266663574e+00
3.965980000000000061e-01
1.925154566433043390e+00
2.048177061328683379e+00
1.835162447597759483e+00
3.702280000000000015e-01
1.663792611198882554e+00
1.695287482521179667e+00
1.937360149381885055e+00
9.554985154912591927e-01
1.816387401803094992e+00
1.845279718876516428e+00
1.964424370737901437e+00
1.618667091731343488e+00
8.808302858065224505e-01
1.909130802864225096e+00
1.795148219580211757e+00
8.808287163064104641e-01
1.885935626616402017e+00
9.554473683599740141e-01
1.766473457159491334e+00
1.631875078481501040e+00
9.455407710543205502e-01
1.898681414423441627e+00
9.455864400894293809e-01
1.602507372266662955e+00
1.782213735624603723e+00
1.979391770809659556e+00
1.668188863668919053e+00
1.941395221670229487e+00
3.702219999999999955e-01
1.820085954599122369e+00
1.713292907559299749e+00
1.862428834424820767e+00
1.545453521123491658e+00
3.438480000000000425e-01
1.574698376803951305e+00
1.713434341987168485e+00
9.455944775753516440e-01
1.832374503667305810e+00
1.857056358356957704e+00
1.739855686561675885e+00
1.793345873778396271e+00
9.363181723847938676e-01
1.690834941562894933e+00
8.808353242831492569e-01
1.499063593413568762e+00
8.808371836321410298e-01
1.664580985993171058e+00
1.802768389724537235e+00
1.781846609151584326e+00
9.362781629590646304e-01
1.511296088605075916e+00
1.484098158702786607e+00
1.678988359357502347e+00
9.455473543350438881e-01
3.438460000014541551e-01
1.716792031497408555e+00
1.591420941816462431e+00
1.549535466943559925e+00
1.755589685130896305e+00
1.870674471504061964e+00
1.836071589196892173e+00
3.174690000000000012e-01
1.427117501580020598e+00
1.454121825556923264e+00
1.729144036296861087e+00
1.612618825280482504e+00
9.363152521245171611e-01
1.751439092724894175e+00
1.636552521015137929e+00
1.588811689510433389e+00
8.808371837042304753e-01
1.379477369973498568e+00
1.679635497345778550e+00
1.565005928469281216e+00
1.390734233777252138e+00
1.698307896856456445e+00
1.689891879094340466e+00
1.365706394206309682e+00
1.578066800135215164e+00
9.276689553526086263e-01
9.362698174185677402e-01
9.277072359904282584e-01
8.808293360487026158e-01
1.732502874629650025e+00
1.469560245475155513e+00
1.650858343711235410e+00
1.763706873442693279e+00
1.430896356624056676e+00
3.174589999999999912e-01
1.615635122916063482e+00
1.647874526405453732e+00
9.276951553721721755e-01
1.308777545803717635e+00
2.910890000000000422e-01
1.333524227439832677e+00
1.514351941070833485e+00
1.627967344157737806e+00
1.535781611037519978e+00
1.489548913779269013e+00
8.808371837042314745e-01
1.579693244304096078e+00
1.468205040107137149e+00
1.270170018864009709e+00
1.479908591805926488e+00
1.588711903814219228e+00
1.247312007528589062e+00
1.259888575208537587e+00
9.197342638637543422e-01
8.808231379476805234e-01
9.276543639421951370e-01
1.596105569021360804e+00
9.197705271104321678e-01
1.347680717093259650e+00
1.312235189438235805e+00
1.548649137386839181e+00
1.658793767234492122e+00
1.630986355399700605e+00
2.910829999999999806e-01
1.517025908941571188e+00
9.197632996505137326e-01
1.212948529132624520e+00
1.529278072367807217e+00
1.419163307000289809e+00
1.546801062520968051e+00
1.438075659101425208e+00
2.647089999999999721e-01
1.190442587988181034e+00
9.197264604957284817e-01
8.808371836321399195e-01
1.140292497079586242e+00
1.374786179952723009e+00
1.149597111743500433e+00
1.496619888256199182e+00
9.124937407215460983e-01
9.125245594262108018e-01
1.482430499635311039e+00
1.490221034892474705e+00
1.128904014686810564e+00
1.385121187028774292e+00
8.808293361196598559e-01
1.393639872945662050e+00
1.556376069785190497e+00
1.193596274667442669e+00
1.449493536417461481e+00
1.421494603014727964e+00
1.531955563650589713e+00
2.647070000000000256e-01
1.225822858173642116e+00
1.092337535484797506e+00
1.433569218794823019e+00
1.344090312367439921e+00
1.448717295491428692e+00
2.383289999999999853e-01
9.125190743562546780e-01
1.327711962520862876e+00
1.072088977652508435e+00
8.808293361196570803e-01
1.285450884421881046e+00
1.400411837291089201e+00
1.301806594712131782e+00
9.059634744822784302e-01
1.388426413696096651e+00
9.124840765536655907e-01
9.059920155078643456e-01
1.029019486577392062e+00
1.294409856391705693e+00
1.395014943928559958e+00
1.010500995336471641e+00
8.808371836321410298e-01
1.020690182623502862e+00
1.103927673368595874e+00
1.354048569402147573e+00
1.456955116658024796e+00
1.074920708424580207e+00
1.435905088681002972e+00
2.383210000000000051e-01
1.329700382379429557e+00
9.717099407482662210e-01
1.341488744106337228e+00
1.240819940724680048e+00
9.059855559383939161e-01
1.354285476661400978e+00
1.254687731270214712e+00
9.537093685505029228e-01
2.119489999999999985e-01
1.208722057216215395e+00
9.059546752244290735e-01
9.001849855785200027e-01
1.303790538131413435e+00
8.920980009107748465e-01
1.214989378564273803e+00
8.808371836321399195e-01
9.010926736251942959e-01
8.808293361917510778e-01
1.201138199417535857e+00
1.308226052800127048e+00
1.298398018415385824e+00
9.001594231851378636e-01
9.084467698907849886e-01
1.361204239695130269e+00
9.562372888044047281e-01
1.263185231371867445e+00
2.119449999999999945e-01
1.242469879111762765e+00
1.343484696228430364e+00
9.820175991808899330e-01
9.001775129517515239e-01
1.264324158250565988e+00
1.855700000000000127e-01
8.353023925764861968e-01
8.510553537485104902e-01
1.253837244350717972e+00
1.159533895409704751e+00
1.170906876314254275e+00
9.001515380401239330e-01
1.217466949011761113e+00
7.736949566696176284e-01
1.129180721672135679e+00
8.950950921416099826e-01
8.951164329940531905e-01
8.808293360487040591e-01
1.220955214776118902e+00
1.134330266765374295e+00
8.808371837042286989e-01
7.814968816802798646e-01
1.213212484212472519e+00
1.122965716573754102e+00
7.878738627781742832e-01
1.177950551918035549e+00
1.269951544714994940e+00
8.375093643655587838e-01
1.255495918272935718e+00
1.855680000000000107e-01
1.160852033895795277e+00
8.600812472528408525e-01
1.171621872484463367e+00
1.179869018929220026e+00
8.951099560439502723e-01
1.094040034825048746e+00
7.168371396272629203e-01
1.591899999999999982e-01
7.303439610135733506e-01
1.085102795217574689e+00
1.133980101889356495e+00
6.673045489587176027e-01
6.552955964875679662e-01
1.057190321059077620e+00
1.137139922129635439e+00
8.950861252198040185e-01
1.061231733270352251e+00
8.808371836321388093e-01
6.618944241198877476e-01
8.907838717158041986e-01
8.808293361196609661e-01
1.052299883350747089e+00
1.139738586288977285e+00
8.908020606515222317e-01
1.184248167625772785e+00
1.172940389406043726e+00
1.591820000000000179e-01
1.086100470352532987e+00
7.380854232546500970e-01
7.187440079750229138e-01
1.099652526839270950e+00
1.102158937638306968e+00
1.025633288286314837e+00
8.907948975656533319e-01
1.328100000000000114e-01
5.983048664694269325e-01
6.095757617687881380e-01
1.096039125583115892e+00
1.019020066709188654e+00
9.907691147734666304e-01
5.467318322541685482e-01
1.064191325048741366e+00
5.368926020434628965e-01
9.943852346696450129e-01
5.423056293724050070e-01
8.808293361196609661e-01
1.065977772047802086e+00
8.872300490227991165e-01
9.973784689895800470e-01
8.907755157440075955e-01
8.808309855863374338e-01
8.872451635534558401e-01
1.062021627414430736e+00
1.105362422104171793e+00
5.998990561752871598e-01
1.328060000000000074e-01
1.019718368423359944e+00
1.097049020007766718e+00
6.160349248216356877e-01
1.029868409470355184e+00
9.675018111094175755e-01
1.032741721772196364e+00
4.797006040323488207e-01
1.064299999999999968e-01
4.887203591636022360e-01
8.872436460386727841e-01
9.630252662360438975e-01
1.028575936732432305e+00
4.227181223889038275e-01
8.808293361917493014e-01
1.001340156302542139e+00
9.446624281239287546e-01
8.808371836321410298e-01
8.844615425466514358e-01
8.872282915664929659e-01
8.844722219131599950e-01
9.401850608624862105e-01
4.261676173537828349e-01
9.426243444638998659e-01
9.989554105869792311e-01
1.000269681513940245e+00
4.184982402937917345e-01
9.704542396733620846e-01
9.634561870682045726e-01
1.029286922971432983e+00
1.064299999999999968e-01
4.938972744822553995e-01
1.034875451563617155e+00
4.809679632782212222e-01
3.609573898675549342e-01
9.733786770671530864e-01
9.709120815444625130e-01
9.189545824147138386e-01
8.844728559254931843e-01
3.677426416408599019e-01
9.215828156063897714e-01
8.005100000000001104e-02
8.808371835611835676e-01
9.050559729922779129e-01
3.031208995450502264e-01
3.000951960228627757e-01
3.055945197741615771e-01
8.844609095155072653e-01
9.024237407205099037e-01
9.038578950703469728e-01
9.234026085023807617e-01
8.004299999999998916e-02
9.191632595464208633e-01
9.713548307904795731e-01
9.745966560834287140e-01
3.716349017853380898e-01
3.619240474187888079e-01
2.243486284075968840e+00
2.387474221066271163e+00
2.469889999999999863e-01
9.067816622473129362e-01
2.263006037043869156e+00
2.153916595169135473e+00
2.133921348751401492e+00
2.369969433494870881e+00
2.312932957397814793e+00
2.205913109787644988e+00
8.716518045922924118e-01
2.187594437864111896e+00
9.031015668638822103e-01
2.097050272050958952e+00
2.076092366444469928e+00
2.348645401359898965e+00
8.716518457142158338e-01
2.222174392592084047e+00
9.015575811272394935e-01
2.333304275093371238e+00
2.114160131321419112e+00
9.051519641209424538e-01
2.139557863540269000e+00
2.376954108121567710e+00
2.469729999999999981e-01
2.375339388740059121e+00
2.251229696262244673e+00
2.248528585727341600e+00
2.141903709525944333e+00
2.260273628651406685e+00
2.332930000000000281e-01
2.153197133497998905e+00
2.276619933866212087e+00
9.031017501998327424e-01
2.015440112090904456e+00
2.034327545570279394e+00
2.134870343755329358e+00
2.111732026886933511e+00
2.222755033927265256e+00
1.993590316534968654e+00
8.981560038645849398e-01
2.203652610358991737e+00
1.977455774146667844e+00
9.015567297413963344e-01
2.096519065997969111e+00
8.716514524160452471e-01
2.079470198796077085e+00
8.996164933220155424e-01
1.957692228874088558e+00
2.237071830492260993e+00
8.716509882338231430e-01
2.266795192974653705e+00
2.332789999999999864e-01
2.142136706276235536e+00
2.020763727414958577e+00
2.265311841666175052e+00
2.139578884290083582e+00
2.022980944899382294e+00
8.996172355696616663e-01
2.027353560398876375e+00
2.166688940610073111e+00
2.195989999999999887e-01
2.044481116240010721e+00
1.896957086367796919e+00
1.914737058754804933e+00
2.151504706833801350e+00
8.716523167507788106e-01
2.002462472977709407e+00
1.839292908110614855e+00
1.873018575821660869e+00
1.988306066910475733e+00
2.113195617825525119e+00
8.981552803702711474e-01
1.972531335969089916e+00
2.095367700073904160e+00
1.857860419128951390e+00
8.949521524495038793e-01
2.126485553905787196e+00
8.716518422810790589e-01
8.963248134337240547e-01
2.157561867863120764e+00
2.195840000045540530e-01
2.034140744160295000e+00
2.031726218144068508e+00
2.156210407251805794e+00
1.904056729161712314e+00
1.901968594342450691e+00
1.937036945461804827e+00
2.057828382606771367e+00
1.778470858807363664e+00
1.795142235966275424e+00
1.921118452506767493e+00
8.963238761284891831e-01
2.043806914134013830e+00
2.059030000024283380e-01
8.949498333186052257e-01
1.894570106655331765e+00
1.720887966341213549e+00
2.017040926683937307e+00
8.716508248077332599e-01
8.919464807649625238e-01
8.932326481202988999e-01
2.004783588819750939e+00
1.752443096631099317e+00
1.988235579590606594e+00
1.738260635454302649e+00
1.881475007094433050e+00
8.716484034184887042e-01
1.866980553109216068e+00
2.058900000024284915e-01
1.927422017592670178e+00
1.783167998952706279e+00
2.049398773348173997e+00
2.048178055304274547e+00
1.925155109998411662e+00
1.785127794482232133e+00
1.831086490308143633e+00
1.937353220596337078e+00
1.659974109357733152e+00
1.675537846915132079e+00
1.816384618181126287e+00
1.950208739978620764e+00
8.932378311205813048e-01
1.922069999999999890e-01
1.908957822283143146e+00
8.716499673251856262e-01
8.716558779403716928e-01
1.788310564337190378e+00
8.891411462130167642e-01
1.602492157598906397e+00
8.919512402704533605e-01
8.903396989492253777e-01
1.897733248583953092e+00
1.631877041875704037e+00
1.882472693978852973e+00
1.776283672015255721e+00
1.763075120788674788e+00
1.618669071146415117e+00
1.820083176633693345e+00
1.941388307285793813e+00
1.666189604410013292e+00
1.942478488489898236e+00
1.921960000000000057e-01
1.822202358820226076e+00
1.664358419698112046e+00
1.844068663919810502e+00
8.903348457440044550e-01
1.541485853760909741e+00
1.555942898354885529e+00
1.713445126580363409e+00
1.832380747020388112e+00
1.785130000000000050e-01
1.726919860997028877e+00
8.891358849366053363e-01
8.876517979483843357e-01
1.778302065911470331e+00
1.673044294634485674e+00
1.661120756868688542e+00
1.499080113715073770e+00
1.802458114021239455e+00
8.716525466400010247e-01
8.716447641355968834e-01
1.683988117743413504e+00
1.484098457717680786e+00
8.865419000955336859e-01
1.792267797693470444e+00
1.511311478081536430e+00
1.836078817112706485e+00
1.716803285114808286e+00
1.547260768072725723e+00
1.785009999999999930e-01
1.718772251754721925e+00
1.545558204093589350e+00
1.837038767820373231e+00
1.648169999999999913e-01
1.624856192209329420e+00
8.876517979483852239e-01
1.729144036296859310e+00
1.422997760955370561e+00
1.436338649109254906e+00
1.612618825280481838e+00
1.739663534860978134e+00
8.865419000955345741e-01
1.572129651704655018e+00
1.688706868562154018e+00
1.561503838868159688e+00
8.841411468198960844e-01
1.676031607403630552e+00
1.379469514293084842e+00
8.851702830105631081e-01
8.716525123717597801e-01
1.581994180338537115e+00
1.365683066389855815e+00
1.697849334282932832e+00
8.716490249314806649e-01
1.390724779827051005e+00
1.615635122916062594e+00
1.732502874629648026e+00
1.428322487865047563e+00
1.733334332568588598e+00
1.648070000000000090e-01
1.617451233406745015e+00
1.426747844364938622e+00
1.304515136994967905e+00
8.851652732823397374e-01
1.316756999411812457e+00
1.627967344157737806e+00
1.514351941070833485e+00
1.525342004640598770e+00
1.637319666053027811e+00
1.511219999999999786e-01
1.587412319986208464e+00
1.270159803174387925e+00
1.576052988330340465e+00
1.474033576138616741e+00
8.819535017363449025e-01
8.841361312603391864e-01
8.716525157934205126e-01
1.464697337766748486e+00
1.259881291868404363e+00
1.247289988878288014e+00
1.595528205046841785e+00
8.716525432080152180e-01
8.828840116912305414e-01
1.482802968468838856e+00
1.307956031256402696e+00
1.631690613268642398e+00
1.511130003308782110e-01
1.518676401514161389e+00
1.517016234520910389e+00
1.630986091939474081e+00
1.309402045792277036e+00
1.186022546062679206e+00
1.197148156167815669e+00
1.419150280885009829e+00
8.828840116912305414e-01
1.529268941561621631e+00
1.374259999999999926e-01
1.428892963144895889e+00
1.537457805131901001e+00
1.488848504653512927e+00
1.149583320610125581e+00
1.371309481818018039e+00
1.478789093290859835e+00
1.140279263582392399e+00
1.379351790243881437e+00
8.799751283417043268e-01
8.716525192162303259e-01
8.819535017363449025e-01
8.808148330523271063e-01
1.387028839651505141e+00
1.128888229243711461e+00
1.495920847680452415e+00
8.716576305987339124e-01
1.421481003847748337e+00
1.190464355863291246e+00
1.532525519192421859e+00
1.374190000000000134e-01
1.422990589603459366e+00
1.189146950464912367e+00
1.531945786410211952e+00
1.077574945079923019e+00
1.433570517266590461e+00
1.327702506256954296e+00
1.440602610099328995e+00
8.808012789074510795e-01
1.237310000000000076e-01
1.336172651119980737e+00
1.067548607600140587e+00
1.384860611920564644e+00
1.020695989712901541e+00
1.399654826876969960e+00
8.716525397771741623e-01
8.716439100664912232e-01
8.781959098720502066e-01
1.295429087020975700e+00
1.010495127250002678e+00
8.799615612627641470e-01
8.789440997014532631e-01
1.029023252458368454e+00
1.288852768453013997e+00
1.393599528926441788e+00
1.282089690490099132e+00
1.071557518992330538e+00
1.070368755943482908e+00
1.436362623434625618e+00
1.237240000000000006e-01
1.331028443052964194e+00
1.329690940256418319e+00
1.435906385040473188e+00
1.341488744106339004e+00
1.100360000000000088e-01
1.248025383982232839e+00
1.347381505745125718e+00
8.789442282881217983e-01
9.490969803497434354e-01
9.580156797907857236e-01
1.240819940724680492e+00
1.294971299309755963e+00
9.010941045090672397e-01
1.203461968473036547e+00
8.716525226401872217e-01
1.197955726127220455e+00
1.208948655495756030e+00
8.920883690918729458e-01
1.307436681076754370e+00
8.716576237382424042e-01
8.781957879795381228e-01
8.766371397585203118e-01
1.302404722512936042e+00
9.084448655394545824e-01
8.772921680517838938e-01
9.526641045515471529e-01
1.100300000000000028e-01
1.243640254319551941e+00
9.515955461749502353e-01
1.343824576035132168e+00
1.343484078841280072e+00
1.242469348273831597e+00
1.258626302728893753e+00
9.634099999999998221e-02
1.165474559921839681e+00
8.772798048376597713e-01
1.253849369390520163e+00
8.306763787065345461e-01
8.384869563332527642e-01
1.159526040933969604e+00
1.216171322809826094e+00
1.120087369531502119e+00
7.815057389962026813e-01
1.220222767612947790e+00
8.716525363474809662e-01
8.716439134904818697e-01
1.128777579924849173e+00
7.736952915851310619e-01
7.878819836631631990e-01
8.752795486791614676e-01
8.766223496928438053e-01
1.210028682480296380e+00
8.758425461468497542e-01
1.124376407091504104e+00
1.255736638266163219e+00
9.632599999999999496e-02
1.161843361733416291e+00
8.328712708456224023e-01
1.160844188338816529e+00
1.255508027294132800e+00
8.338007230243940082e-01
8.264499999999999624e-02
1.089817769576180595e+00
1.175322827364889466e+00
7.123104241438574791e-01
8.758434260186017672e-01
7.190124829125028594e-01
1.085102795217578020e+00
1.171621872484462479e+00
1.052973229747081296e+00
8.752787296678709028e-01
8.746150994746199059e-01
8.716525226401872217e-01
1.049834017037455158e+00
6.552849232692582460e-01
1.139124877486658027e+00
8.716576237382424042e-01
1.056336077008161789e+00
1.136029573806950133e+00
6.673086956791416391e-01
1.131147734119642090e+00
6.618999450589172495e-01
8.741446862053211531e-01
1.086927399288931895e+00
7.141792174237490132e-01
1.173076836197867179e+00
1.172950429856265409e+00
1.086102047645616464e+00
7.149924853458267116e-01
8.263200000000001100e-02
5.995997870613389846e-01
1.019020061149435552e+00
8.746021072036113120e-01
1.098726317974135558e+00
6.895000000000001128e-02
1.022549783083444463e+00
1.096039099350019308e+00
5.940151196804696054e-01
9.933226543923195928e-01
5.368918212722187944e-01
1.065568150025610450e+00
8.716525363474839638e-01
5.467354077330276452e-01
9.909242160730574733e-01
1.063361527996945499e+00
9.888321171746008442e-01
8.741304249990370367e-01
1.059677524159590378e+00
5.423115795370776482e-01
8.732129409399530529e-01
8.716439134904787611e-01
8.735904602781568995e-01
6.893799999999999928e-02
1.020371838547105003e+00
5.955711889438585205e-01
1.019718578040039070e+00
1.097058233550070261e+00
5.962457702156075401e-01
1.097086214946209948e+00
1.030333264805129989e+00
5.525399999999999756e-02
4.757968312473297989e-01
4.802805956948500432e-01
1.028567106379062679e+00
8.735909935896774003e-01
9.630261086330924591e-01
9.654555567839447905e-01
8.732124621470995773e-01
4.184850630978369512e-01
1.001179943770850178e+00
8.716576203097186060e-01
8.725054733014582231e-01
9.388459377150242258e-01
9.415721493698733235e-01
8.727895641384592063e-01
9.997660283166269757e-01
4.261587346857982350e-01
9.972093700743102085e-01
9.400549562174556062e-01
8.716525294915398181e-01
4.227098374109603540e-01
9.639394841321714535e-01
4.770542862190843003e-01
1.029243187103999313e+00
1.029278098717736345e+00
9.634570290884781896e-01
4.775927629277897934e-01
5.524400000000000144e-02
9.718913619458715569e-01
3.577124966729572919e-01
9.204177471023692325e-01
9.189545824147138386e-01
9.709120815444625130e-01
4.155899999999999872e-02
8.727849426496749885e-01
3.610809140192826616e-01
9.455033531347193376e-01
9.478178994110622035e-01
8.724999930338089849e-01
9.470706605021602664e-01
3.055937580579807245e-01
3.000919611135887677e-01
3.031214718969932331e-01
8.716525294915379307e-01
9.713552077381379934e-01
9.191634730558003730e-01
9.194839065415996160e-01
9.712702636491046260e-01
4.154900000000000260e-02
3.590592437537301618e-01
3.586444414737259834e-01
8.742063459286946170e-01
2.282957328216627779e+00
9.503816201426665833e-01
9.489527770916741378e-01
2.390379244312708984e+00
2.373329056383669311e+00
3.709060000000000135e-01
2.515532705897699284e+00
8.744556029536317832e-01
2.502120089629792155e+00
2.394830738966534867e+00
8.744504681489969622e-01
9.583963468033462885e-01
3.909180000000000432e-01
9.427237747012643387e-01
3.508940000000000392e-01
2.279433512655720584e+00
2.262517084734168016e+00
8.742020007080739674e-01
2.172014952032099266e+00
2.402800548911415923e+00
9.413398540346623600e-01
8.744607843705743955e-01
8.744666204338500393e-01
8.741964897441539817e-01
2.062153257239626392e+00
9.354328171434863615e-01
9.340930410253578398e-01
2.169409774206108921e+00
2.152644786281517231e+00
3.308830000015111072e-01
2.290864998694598142e+00
9.285145108386844148e-01
2.060451266197286468e+00
2.043865964571307092e+00
3.108699999999999797e-01
8.741915198267481424e-01
1.953555913877306649e+00
2.179852355236473471e+00
9.272217871496548636e-01
8.744713566132400473e-01
1.846444462563929356e+00
9.219800282229544397e-01
9.207338094954470309e-01
8.744775591454584385e-01
1.936362095900453939e+00
2.908590000017190480e-01
1.952731471616617087e+00
2.069907843851266804e+00
8.741865012392945333e-01
9.146383879162307551e-01
1.846487176991488122e+00
1.830355379163837615e+00
2.708480000000000332e-01
1.961214776776118329e+00
8.744818797402259536e-01
8.741811732341314700e-01
1.741087923899594880e+00
9.158343221969784675e-01
8.741713129982019437e-01
1.637845023613651918e+00
9.089387186719467548e-01
8.744853710091451404e-01
1.726136401984790236e+00
9.100925087462272689e-01
2.508360000000000034e-01
1.741972786958508657e+00
1.853981852902019556e+00
1.537125921385753102e+00
1.748506933198722191e+00
9.036549055607453473e-01
8.744947714108977088e-01
8.741761213994575508e-01
9.047515098323949401e-01
1.639513548725962444e+00
1.624025547243638901e+00
2.308240000000000292e-01
8.987777229243052446e-01
8.744959600043911152e-01
1.524470694047281638e+00
8.998273367157730851e-01
2.108140000000000014e-01
1.539529145888768991e+00
8.741613872300693089e-01
1.439460979189432166e+00
1.645093075460777099e+00
8.745135873621401323e-01
8.741605815643942456e-01
1.345511679102043834e+00
8.953280863772785647e-01
8.943240337819399199e-01
1.427980377079461904e+00
1.908010002620531553e-01
1.442543798693474599e+00
1.544179752844854425e+00
1.446270626476593879e+00
8.903014766409178549e-01
8.745059635708620771e-01
8.912372588312283961e-01
1.707899999999999974e-01
1.349179209903563104e+00
1.335248655906456250e+00
8.741514965862604569e-01
1.256108294591273822e+00
1.352027742311894265e+00
8.745116299969952767e-01
8.741510921625603725e-01
1.172311855789236912e+00
8.875916327343343903e-01
8.867156109063362157e-01
1.247094861201825333e+00
1.507779999999999954e-01
1.260268697183265285e+00
8.741454558761960758e-01
1.095398414618623528e+00
8.843807483770764755e-01
8.835633652596753818e-01
1.176794679622999551e+00
1.164556197978013463e+00
1.307669999999999944e-01
1.262273963433058421e+00
8.745136006375189286e-01
8.741571464221981058e-01
1.026905735467476655e+00
1.178047684444055276e+00
8.808717688296068271e-01
8.744922189619532826e-01
1.088935076707514771e+00
8.815949828010596345e-01
1.107550000000000062e-01
1.100009413870627561e+00
1.021732445909886655e+00
9.074299999999999033e-02
8.741640074516899839e-01
9.686416839518126043e-01
1.100592062959297124e+00
8.786178215293600768e-01
8.744779510656629506e-01
8.792520899355313890e-01
1.031408268834896447e+00
8.741773700136598046e-01
9.225362684382663048e-01
1.031456734150783872e+00
8.768325207335772031e-01
8.744588965074350240e-01
9.647386184355827288e-01
7.073199999999998933e-02
9.727379491805596690e-01
8.773521430987681891e-01
8.755162378642683541e-01
5.072000000000000119e-02
9.724039680893949988e-01
8.742033486031741685e-01
9.198409339902203774e-01
2.391156023788284291e+00
8.744218357617791204e-01
3.718560000000000199e-01
8.741707871812008923e-01
2.499496248472679927e+00
2.265233693931379300e+00
9.495794207337264758e-01
9.505544310043483325e-01
2.406236632480064142e+00
8.744161599175760413e-01
3.919219999999999926e-01
2.518997916690087102e+00
2.376063493709501095e+00
9.575783580919109417e-01
3.517899999999999916e-01
8.741659037905786800e-01
2.294267658655806841e+00
8.744270041878855482e-01
2.155341261462556002e+00
2.387776069008356927e+00
9.428487578917412737e-01
2.279303880153324080e+00
9.419400584002148857e-01
9.355130019652324602e-01
2.168386957353552802e+00
8.744309411257121800e-01
3.317340000000000289e-01
8.741608875121333888e-01
2.183218070284551615e+00
2.276856316760897947e+00
2.046538330448271825e+00
9.346722684925444780e-01
9.285474217335373259e-01
2.058555961186384842e+00
9.277794933544294409e-01
3.116680000016042729e-01
8.741559305415709247e-01
2.073231511969900520e+00
8.744385446130573669e-01
1.939005976664847530e+00
2.166858352370315988e+00
1.949994545643653598e+00
9.212709331146835545e-01
8.744438976503866590e-01
2.916010000017146830e-01
8.741502783640798802e-01
1.964479964204776330e+00
2.057930258147005365e+00
1.832967222503719018e+00
9.219678257878624050e-01
1.950256040690042214e+00
9.157830773764065180e-01
9.151574387552117162e-01
2.715449999999999808e-01
8.741448941823096730e-01
1.857202532900220637e+00
1.842923971248134896e+00
8.744477098677765348e-01
1.728694796462348693e+00
1.737631687487885657e+00
9.094473400483403802e-01
2.514790000000000081e-01
8.741356238593644967e-01
1.751651944305430364e+00
1.844041157958521637e+00
8.744569513703929209e-01
1.626544747223698018e+00
9.099917150150326206e-01
1.526929283604516074e+00
9.041415457908116293e-01
9.046163063426391204e-01
8.741347245133322952e-01
1.648155915746140288e+00
1.634440280930753664e+00
8.744606479424893442e-01
2.314129999999999798e-01
1.739583259893299871e+00
8.741256680249123168e-01
1.547135962325548952e+00
1.533797431073934403e+00
8.744674757245127772e-01
2.113459999999999783e-01
1.430377998729356337e+00
1.637183838146772930e+00
8.996486029695145437e-01
8.992552528737328688e-01
1.337552613806650026e+00
8.947993869292711899e-01
8.951078892854203994e-01
1.449121097374542977e+00
1.436214917232446098e+00
8.744795106233190785e-01
1.912900002613832362e-01
8.741191427374190859e-01
1.537280947689457333e+00
1.249276710390855971e+00
1.440371189631686200e+00
8.909965263619150644e-01
1.342385437695149397e+00
8.907512964239804321e-01
1.712239999999999873e-01
8.741157342709252598e-01
1.354735342197878278e+00
8.744775399059724341e-01
8.873225334685224119e-01
1.253135922116990431e+00
8.871520184703417522e-01
8.744775399059724341e-01
1.511580000000000146e-01
8.741097064442182596e-01
1.264821609649362744e+00
1.347111775809638701e+00
1.166605981479610143e+00
1.258316408119993346e+00
8.840852814723263453e-01
8.839911372638290521e-01
8.741096113188565608e-01
1.180375815240213289e+00
1.169513273236352013e+00
8.744769601882039778e-01
1.311019999999999963e-01
1.090805353829909174e+00
8.813026643219686873e-01
1.092833096517487945e+00
8.812621800009349249e-01
8.744612216101955715e-01
1.110350004503084520e-01
8.741183568030115314e-01
1.102675417810699443e+00
1.174998825950052339e+00
1.023390067675077342e+00
1.098410435190781298e+00
9.661384555538627961e-01
8.789673590873553488e-01
8.789700634833922388e-01
8.741309089032391899e-01
1.033215608416751641e+00
1.024616891527755147e+00
8.744436954429941622e-01
9.097000000000000919e-02
1.030045095080793338e+00
8.771248784095692086e-01
8.744220014386652196e-01
9.209381587430293115e-01
8.771033035515253262e-01
9.666925310749001632e-01
7.091300000000000381e-02
8.741416679806535139e-01
9.738071204098894817e-01
5.084699999999999637e-02
9.209880690546436988e-01
8.757066445020286194e-01
8.741704283490734362e-01
9.716359095304172300e-01
2.479883254278112403e+00
2.277968462502059754e+00
2.353145564679541835e+00
2.296541143265018459e+00
2.255276780570623973e+00
2.176030553624879627e+00
2.136937654691170252e+00
2.369402330793358935e+00
2.158435163385502342e+00
2.243594627947304243e+00
2.259722716861960912e+00
2.055523687129146460e+00
2.018602125771198352e+00
2.038904568749111856e+00
2.134988865048949247e+00
2.027479914793239413e+00
1.935020522711064617e+00
1.900270534809452183e+00
2.150968025357420377e+00
1.919377535840722127e+00
1.921251910381613248e+00
2.043285288286733614e+00
1.799851998374588424e+00
1.814519872156267200e+00
1.781942224721385193e+00
1.936855992037869623e+00
1.694022433232805991e+00
1.663616486990015186e+00
1.680331099918405791e+00
1.816530459171273204e+00
1.831887494759982804e+00
1.560808585395723425e+00
1.713582982613039762e+00
1.573524241664232770e+00
1.545289115800987823e+00
1.441296970731916538e+00
1.612772672015496234e+00
1.728675031287257413e+00
1.426974338767169170e+00
1.453029257595661816e+00
1.627517353262016186e+00
1.321765888336131400e+00
1.514509425160504019e+00
1.332530219350016365e+00
1.308638310001660532e+00
1.190324594812691039e+00
1.202256900379031768e+00
1.419322477001262239e+00
1.528849152032009995e+00
1.212036092624719563e+00
1.327860899311747334e+00
1.433161331591457310e+00
1.091523649061714618e+00
1.071974910031014305e+00
1.082712302996969411e+00
1.240974490479557879e+00
1.341104628680774402e+00
9.631591378505415246e-01
9.709858919798984855e-01
9.536078603052720037e-01
8.352135483599402166e-01
1.253479332177440453e+00
8.435616502093977731e-01
1.159680731365320350e+00
8.504218860448045092e-01
1.171292986263044344e+00
7.239301218791768244e-01
1.085237121969200524e+00
7.298004545826181078e-01
7.167608785006308603e-01
6.091138533320341608e-01
6.042187992739056490e-01
1.019136100882016338e+00
1.095742803944429911e+00
5.982498756506334781e-01
1.028316093022471733e+00
4.844241552606561863e-01
9.631164249456050097e-01
4.883569821237332409e-01
4.796495686446515805e-01
3.674644704743549317e-01
3.645203277034048672e-01
9.190137068618732252e-01
3.609239879309740773e-01
9.706929909070123319e-01
2.252132969037352161e+00
2.274894922728739832e+00
2.293462233648071003e+00
2.479861692858091438e+00
2.353121550462490941e+00
2.369382106822155887e+00
2.155238371874443448e+00
2.133671401561168413e+00
2.243571986641391014e+00
2.172829389691238511e+00
2.259702714437011206e+00
2.134966208520640230e+00
2.035576194288486462e+00
2.015204005704880785e+00
2.052191672733567174e+00
2.150949575982896267e+00
1.915912302691331615e+00
1.896734878316946205e+00
2.027460276965494579e+00
1.931552424457850581e+00
2.043269986848042841e+00
1.921233120839322073e+00
1.796244574533491178e+00
1.778261154230165397e+00
1.810907079189873814e+00
1.816509759067095109e+00
1.676567418582682434e+00
1.659778772488670118e+00
1.690254647216210548e+00
1.936834158298019970e+00
1.713578101232913653e+00
1.569610754455384560e+00
1.556898349752481980e+00
1.541305255901634030e+00
1.831880223143968367e+00
1.612758416315351662e+00
1.437229270723706653e+00
1.422822398784893583e+00
1.448955926710332687e+00
1.728662845306740081e+00
1.514496635879063469e+00
1.328325407514664436e+00
1.627506535347861050e+00
1.317565635496387610e+00
1.304362330866695840e+00
1.207668069521174781e+00
1.528829731673544634e+00
1.419307401960900439e+00
1.185874950609886458e+00
1.197892104143357228e+00
1.327851025755524272e+00
1.087045862784086436e+00
1.433153190114720310e+00
1.078237184669495141e+00
1.067423515868466843e+00
1.341097802181482335e+00
1.240966079546092837e+00
9.664287560912091513e-01
9.586043563373792820e-01
9.489858107163674505e-01
1.159665900755905588e+00
8.458590654453034263e-01
1.253485903911170762e+00
8.390024768139853206e-01
8.305790525892174925e-01
1.171288682178735163e+00
1.085231589122340967e+00
7.253230108193166048e-01
7.194546749789053619e-01
7.122269680298565220e-01
1.019131937083712192e+00
5.999771964074990249e-01
5.939368753866046680e-01
6.048696919039679987e-01
1.095739663701648325e+00
9.631143734058779105e-01
4.845072390129996909e-01
1.028305175429939267e+00
4.805761714036600463e-01
4.757410854918881493e-01
3.642511479748565817e-01
9.706917969860470174e-01
3.576655714714523926e-01
3.613082578976025694e-01
9.190119169651724818e-01
3.808320000000000038e-01
9.531105951388851860e-01
9.541163934688474679e-01
9.453282601726237244e-01
3.608160000000000256e-01
9.462685633127624341e-01
3.408009999999999651e-01
9.379089167621769141e-01
9.387816833582773857e-01
9.316636999459622093e-01
9.308604947772781690e-01
3.207859999999999601e-01
9.241918704452016797e-01
9.249241355932930064e-01
3.007700000016623743e-01
2.807540000017809123e-01
9.185722116877924615e-01
9.179131950860046629e-01
9.126099329006891470e-01
2.607379999999999698e-01
9.120268536627630374e-01
9.065442420472384910e-01
2.407230002077075937e-01
9.070642962221582284e-01
9.014784518561705928e-01
9.019100876561915170e-01
2.207069999999999865e-01
8.971941569270274197e-01
2.006910002491392453e-01
8.968229863445749128e-01
8.928777734516627484e-01
8.925999241339874768e-01
1.806750000000000023e-01
8.887990881189077319e-01
8.890079276502528272e-01
1.606619999999999715e-01
8.855686941372773457e-01
8.854397388439269045e-01
1.406499999999999972e-01
1.206399999999999972e-01
8.825177823981780190e-01
8.825871628094305033e-01
8.800185722472003702e-01
8.800459227932359019e-01
1.006350004968450257e-01
8.063399999999999734e-02
8.779753648873069860e-01
8.779602659004558385e-01
8.763798652873083794e-01
6.063900082455185581e-02
8.763391288702124804e-01
3.817989999999999995e-01
9.532451517511120187e-01
9.546987689994158588e-01
9.454158852325251772e-01
3.617350000013822009e-01
9.468260844278635346e-01
3.416710000014633875e-01
9.393156711952591609e-01
9.379505831822915196e-01
9.308587784922051078e-01
3.216060000015547038e-01
9.321755138996082879e-01
3.015320000000000222e-01
9.254148516562729077e-01
9.241418427828053117e-01
9.190461619559697759e-01
2.814679999999999960e-01
9.178209812648659982e-01
9.130705097734780340e-01
9.118933304180925070e-01
2.614040000000000252e-01
9.075026341344699654e-01
2.413289999999999880e-01
9.063767614789114413e-01
9.023443512368203301e-01
9.012679066603886957e-01
2.212649999999999895e-01
8.965900089226959135e-01
2.012009999999999910e-01
8.976079239267005239e-01
8.923256930269344300e-01
8.932944173675329003e-01
1.811370000000000202e-01
8.884997405649578406e-01
1.610710003104221522e-01
8.894153145836884988e-01
8.851182193605566795e-01
8.859676230224226012e-01
1.410059999999999925e-01
1.209490008267947586e-01
8.829634078624105653e-01
8.821956414679209546e-01
8.803852235385348779e-01
8.797135596317718909e-01
1.008900004955892438e-01
8.083899999999999419e-02
8.782683848346130029e-01
8.776873806253563393e-01
8.765956593829340449e-01
6.079500082243605164e-02
8.761338562052048973e-01
8.741374243698768476e-01
8.743749626641879047e-01
8.743800679664419651e-01
8.741321310820238111e-01
8.743852331432639957e-01
8.741278154011571377e-01
8.741228981407597187e-01
8.743904607193511147e-01
8.741173784938724989e-01
8.743963156932910152e-01
8.744033104546201640e-01
8.741110013848352178e-01
8.741065417407659632e-01
8.744061972984861209e-01
8.744153385548549817e-01
8.740972746353808942e-01
8.744190318971781783e-01
8.740964724193774904e-01
8.744258549042344120e-01
8.740874209831640540e-01
8.740892536125814960e-01
8.744295574767587675e-01
8.740775893185906975e-01
8.744301368828740761e-01
8.740771979916860390e-01
8.744358153826966573e-01
8.740715630519063639e-01
8.744377878894518119e-01
8.744221528100718510e-01
8.740832283232531363e-01
8.740844049632726653e-01
8.744022815506601320e-01
8.743751220751888598e-01
8.741033208357003037e-01
2.946736364950213627e+00
3.136234170861129655e+00
3.136376040244695851e+00
2.946742564259728248e+00
