15.814166671374
2.571297446551
11.787183910222
1.355192751782
1.468370401121
0.349811585823
1.355192751782
2.004421104241
0.566876386332
3.286552201815
2.004421104226
18.806319494130
15.814166671374
2.571297446551
11.787183910222
1.355192751782
1.468370401121
0.349811585823
1.355192751782
2.004421104241
0.566876386332
3.286552201815
2.004421104226
18.806319494130
15.814166671374
2.571297446551
11.787183910222
1.355192751782
1.468370401121
0.349811585823
1.355192751782
2.004421104241
0.566876386332
3.286552201815
2.004421104226
18.806319494130
15.814166671374
2.571297446551
11.787183910222
1.355192751782
1.468370401121
0.349811585823
1.355192751782
2.004421104241
0.566876386332
3.286552201815
2.004421104226
18.806319494130
