35.355339059327
35.355339059327
35.355339059327
55.901699437495
25.000000000000
50.000000000000
55.901699437495
35.355339059327
70.710678118655
25.000000000000
35.355339059327
50.000000000000
35.355339059327
35.355339059327
35.355339059327
55.901699437495
25.000000000000
50.000000000000
55.901699437495
35.355339059327
70.710678118655
25.000000000000
35.355339059327
50.000000000000
35.355339059327
35.355339059327
35.355339059327
55.901699437495
25.000000000000
50.000000000000
55.901699437495
35.355339059327
70.710678118655
25.000000000000
35.355339059327
50.000000000000
35.355339059327
35.355339059327
35.355339059327
55.901699437495
25.000000000000
50.000000000000
55.901699437495
35.355339059327
70.710678118655
25.000000000000
35.355339059327
50.000000000000
