-424.264068711929
141.421356237310
-235.702260395516
74.535599249993
80.760365030118
19.239634969882
74.535599249993
110.243156354609
31.178199882701
180.760365030118
110.243156354609
-300.000000000000
-424.264068711929
141.421356237310
-235.702260395516
74.535599249993
80.760365030118
19.239634969882
74.535599249993
110.243156354609
31.178199882701
180.760365030118
110.243156354609
-300.000000000000
-424.264068711929
141.421356237310
-235.702260395516
74.535599249993
80.760365030118
19.239634969882
74.535599249993
110.243156354609
31.178199882701
180.760365030118
110.243156354609
-300.000000000000
-424.264068711929
141.421356237310
-235.702260395516
74.535599249993
80.760365030118
19.239634969882
74.535599249993
110.243156354609
31.178199882701
180.760365030118
110.243156354609
-300.000000000000
