0.000000000000
0.000000000000
0.000000000000
-0.407872747280
0.000000000000
-0.496816694561
-1.018518510403
0.000000000000
-2.125980952251
0.295408974467
0.000000000000
-1.570403716291
-0.509259261056
0.000000000000
-3.245885946350
1.442165596519
0.000000000000
-1.442165596519
0.000000000000
0.000000000000
-3.902849695343
0.000000000000
0.000000000000
0.000000000000
-0.000000000000
0.000000000000
0.000000000000
0.407872747280
0.000000000000
-0.496816694561
1.018518510403
0.000000000000
-2.125980952251
-0.295408974467
0.000000000000
-1.570403716291
0.509259261056
0.000000000000
-3.245885946350
-1.442165596519
0.000000000000
-1.442165596519
-0.000000000000
0.000000000000
-3.902849695343
-0.000000000000
0.000000000000
0.000000000000
0.000000000000
-0.000000000000
0.000000000000
-0.407872747280
-0.000000000000
-0.496816694561
-1.018518510403
-0.000000000000
-2.125980952251
0.295408974467
-0.000000000000
-1.570403716291
-0.509259261056
-0.000000000000
-3.245885946350
1.442165596519
-0.000000000000
-1.442165596519
0.000000000000
-0.000000000000
-3.902849695343
0.000000000000
-0.000000000000
0.000000000000
-0.000000000000
-0.000000000000
0.000000000000
0.407872747280
-0.000000000000
-0.496816694561
1.018518510403
-0.000000000000
-2.125980952251
-0.295408974467
-0.000000000000
-1.570403716291
0.509259261056
-0.000000000000
-3.245885946350
-1.442165596519
-0.000000000000
-1.442165596519
-0.000000000000
-0.000000000000
-3.902849695343
-0.000000000000
-0.000000000000
0.000000000000
