5.323050956947755291e-05
6.954228641543053614e-05
1.116543070886699891e-04
8.603206118546730227e-05
7.932350428798570449e-05
7.681647823064501697e-05
6.041966701165325901e-05
4.790071811247235126e-05
3.182239370201905978e-05
2.236258536054065545e-05
2.066235469295029655e-05
2.415737322477402591e-05
1.068642196050717359e-05
1.774090355209414349e-05
3.480037573883011729e-05
4.578802297441628491e-03
4.392276432141903504e-03
1.359031357407108940e-05
-4.687799898878187408e-12
-3.370172148620030009e-11
1.105229145404370834e-05
8.523383969065452114e-06
4.587008378816922333e-03
3.588680556527004076e-03
3.344569743089758490e-03
2.533715955499567674e-03
3.105271374210123118e-03
1.535082123929126731e-04
2.611651987749266050e-03
1.782916393947714352e-03
1.016321779387661332e-03
9.038424422653944159e-04
1.287696452341539292e-03
3.912525131756353267e-11
3.939765344750261432e-11
1.740992413374735093e-01
1.601336397233015796e-01
1.466270481957535066e-01
1.601336599842271002e-01
1.337347837250471572e-01
1.466273467937881381e-01
1.213059122155893677e-01
1.337350781373997655e-01
1.094256537121604256e-01
1.213061736130901791e-01
9.797580538854548660e-02
1.094258876770854982e-01
8.683052823914946816e-02
9.797601774939786179e-02
7.660765872925320852e-02
8.683071048659987690e-02
6.354250075513731555e-02
7.632112143273310501e-02
5.337398379581095170e-02
6.155971411307133156e-02
3.838792368291112089e-02
5.139117431103296108e-02
3.003918392302462603e-02
3.838800637487856104e-02
2.156951286419125577e-02
2.901856519056518827e-02
1.415264201274774383e-02
2.076677375134668158e-02
1.152397655060354367e-02
1.234215339738429368e-02
5.251210898890080504e-03
8.795783485166037280e-03
3.736057869769796209e-03
3.788519701175969458e-03
6.168206475265077676e-02
7.422725895417998931e-02
4.991813181760205997e-02
6.168538629973908949e-02
4.412592185916391907e-02
4.992083942974485933e-02
3.849428277744777749e-02
4.412836005061081951e-02
3.237709573545502484e-02
3.849637834280604520e-02
3.111712428568928421e-02
2.713770738359599227e-02
1.440480448670857297e-02
2.361427924630520384e-02
1.069681552598437425e-02
3.661194446187070043e-09
1.415862285887995288e-03
3.953952399396363211e-09
1.415862982882019200e-03
2.534844914720622670e-03
6.463584426873214377e-03
5.861950414663145287e-03
6.577992898867919720e-03
2.428812852750333831e-11
5.928393710471559740e-03
3.870012170340606135e-03
2.081407198403111176e-03
4.276612841836648950e-03
1.722050691610631538e-03
2.797073949423644918e-03
3.201773377541023390e-03
-2.635334584057260218e-11
1.877161000461650704e-03
7.229795508175331908e-04
6.939777550223187597e-03
6.275616527083073722e-03
5.662323403208782691e-03
5.083585063191830948e-03
4.513731924150649229e-03
3.974574074219337089e-03
3.420211943528327775e-03
3.212143095607496081e-03
2.860885705966759954e-03
2.224484307460842906e-03
1.768718613037608594e-03
1.388134900344377897e-03
5.813937616154032668e-04
1.782684829991721873e-04
2.662640427300934950e-04
2.476187648859764557e-05
3.545004201196762846e-03
3.111270290832165390e-03
2.638260354228487599e-03
2.231721853463129908e-03
7.640079889336061532e-04
8.322586951535400910e-04
2.072475057446785014e-03
2.744986257858389195e-04
1.687657386150255069e-04
2.985882629437296371e-04
3.413243418750651500e-04
1.202234999045309963e-04
1.798126633129425557e-04
6.169847554918313941e-05
3.696761743169246398e-05
3.628415384831870134e-05
2.899091340039363572e-05
1.814766965142454794e-02
1.534822231168384531e-02
1.447098015359785626e-02
1.378576381057370834e-02
1.302721017775602952e-02
1.241843021491239284e-02
1.170051380066233424e-02
1.086512325926873059e-02
1.107499131019038484e-02
1.065689357049580746e-02
1.084309212073628591e-02
1.001120273026957427e-02
9.641540960752282077e-03
9.367681707890367082e-03
5.793791679824625805e-03
7.172406939780726423e-03
7.629810757896425197e-03
3.605104564083269712e-03
3.720464067593597969e-03
1.307764729077584565e-02
1.221601916279187877e-02
1.113540808225061719e-02
9.754605612243569604e-03
9.010781489150368473e-03
4.419606276369296774e-03
9.523097794253016987e-03
1.054415849832281669e-02
1.087897600258370956e-02
3.828790294585086350e-09
5.777706010460253831e-03
4.579672570870249419e-03
2.516365588017550024e-03
1.586160817407565983e-03
3.818844327686234975e-03
4.523193759495472595e-03
5.362872374152651868e-03
3.680655539651303369e-03
1.254192050575668764e-03
9.463330139594602542e-09
3.621451356077920979e-03
1.629241621036477178e-11
3.517841582725854399e-03
5.609617556456768330e-09
1.235331847037629718e-06
5.296559333133172258e-09
6.607467010595456268e-05
2.066849404948825149e-07
3.531604452569377931e-09
4.837974196110253571e-09
4.888417730959195018e-03
1.037087220531809266e-11
3.525379685850227749e-09
1.033067738561559666e-02
7.504629677761000765e-12
5.552157099293060158e-03
3.815202454614197158e-03
7.537748082875864522e-03
2.759090593316517077e-03
5.629358255504710319e-09
1.267056065425413479e-03
1.087843511874164580e-08
1.177678351843718801e-03
9.083360387197039146e-04
1.877398445128441225e-03
7.464508399686848412e-04
5.172657597577009136e-04
3.256020647893165211e-04
5.300613087856586065e-12
5.186773469797190364e-12
1.091975624699358652e-06
4.156125132246757185e-09
4.377110003000071993e-09
1.030399896219735337e-06
2.082974274272161707e-07
1.933181783742511265e-07
4.771477892004897280e-12
1.330241823205764308e-12
3.276394350721323555e-10
4.860784245458813640e-06
6.869217143313999100e-09
6.424720664240054782e-09
5.470303073246829536e-04
9.822477588625513910e-12
2.479658777424880502e-09
5.104919804139651431e-04
4.059454497159642124e-12
5.420705466226650657e-03
2.351994970090112099e-09
5.638027364158499245e-04
1.150944135539839520e-02
7.234478836781971829e-11
1.029715004257653228e-02
1.135110084299649838e-02
1.266635911677544378e-02
1.176516726437659525e-02
1.046071953474099481e-02
8.323043362668384940e-12
6.654952746762647815e-03
5.359840467716199613e-09
5.508402301161573894e-03
4.955243838476883063e-09
5.330083606312877725e-03
5.151117063919983307e-09
4.311302983676863418e-03
5.495385780600661961e-09
5.610983484729844747e-03
5.018313860306224582e-10
5.080529951549710849e-03
6.209648286502425854e-03
2.062860088975744435e-03
1.661219882308816262e-11
5.163020504657249952e-03
3.463585658541355056e-03
1.114209336724696423e-03
5.336606601587229499e-03
3.756568308604302762e-03
1.520348151313399886e-03
1.399006886096118302e-03
1.740992483486717979e-01
1.979697994875961597e-01
2.540515936443722353e-02
