4.638549954924384267e+00
4.626328041148076942e+00
4.401096277798975720e+00
4.389499999607244796e+00
4.163641603723957196e+00
4.152670987349708298e+00
3.926188789982085758e+00
3.915843811473332270e+00
3.688735399716413621e+00
3.679016164672018530e+00
3.451280937256483661e+00
3.442187286333355800e+00
3.213827048515990992e+00
3.205359110873695183e+00
2.976373371390424349e+00
2.968531098199410856e+00
2.731703056658612017e+00
2.501466382048338044e+00
2.494875409857173931e+00
2.264012284497369798e+00
2.258046897391415619e+00
2.026558894231549335e+00
2.021219221723363546e+00
1.789104353722555496e+00
1.784390343384821831e+00
1.551650543031196428e+00
1.547562167925090826e+00
1.314197729289243499e+00
1.310735020915365645e+00
1.076743188780407534e+00
1.073906113710132892e+00
8.392898765635157243e-01
8.370784669085696850e-01
6.018356229145980230e-01
6.002499544431487699e-01
1.761861665470362714e+00
1.761865453512554858e+00
1.761861515448078341e+00
1.761865288589624212e+00
1.761861665470362714e+00
1.761865453512554858e+00
1.761860895706582442e+00
1.761864668849455251e+00
1.761862285211588386e+00
1.761866073252448039e+00
1.761860895706581109e+00
1.761864668849453919e+00
1.761862285211589718e+00
1.761866073252449372e+00
1.761861665470360938e+00
1.761865453512553081e+00
1.761860895706583552e+00
1.761864668849456583e+00
1.761862285211587276e+00
1.761866073252446707e+00
1.761860895706583552e+00
1.761864668849456583e+00
1.761862285211587276e+00
1.761866073252446707e+00
1.761860895706582442e+00
1.761864668849455473e+00
1.761861665470362048e+00
1.761865453512553970e+00
1.761862300112582602e+00
1.761866073252448039e+00
1.761860880805577345e+00
1.761864668849456583e+00
1.761862300112580382e+00
1.761866073252445819e+00
1.743309646930515378e+00
1.743403509300700760e+00
1.743311021006292316e+00
1.743404890156328824e+00
1.743310155666512484e+00
1.743404018009307999e+00
1.743310155666512706e+00
1.743404029291546697e+00
1.743309651359160828e+00
1.743403520582942567e+00
1.743311016577651307e+00
1.743404878874096786e+00
1.743310155666510930e+00
1.743404029291545143e+00
1.743403509300701648e+00
1.743310155666512484e+00
1.743404029291546697e+00
1.743311021006291428e+00
1.743404890156328158e+00
1.743310155666514927e+00
1.743404018009310663e+00
1.743309646930514933e+00
1.743403520582941901e+00
1.743311021006291428e+00
1.743404878874095010e+00
1.743404029291545143e+00
1.743309651359163936e+00
1.743403509300704091e+00
1.743310155666510930e+00
1.743404029291545143e+00
1.743311016577649530e+00
1.743404890156328158e+00
1.030631999999999993e+00
9.778729999999999922e-01
9.251129999999999631e-01
8.723540000000000738e-01
8.195939999999999337e-01
7.668349999999999334e-01
7.140750000000000153e-01
6.613160000000000149e-01
6.085570000000000146e-01
5.557969999999999855e-01
5.030379999999999852e-01
4.502780000000000116e-01
3.975190000000000112e-01
3.447590000000000376e-01
2.920000000000000373e-01
2.392400000000000082e-01
1.864810000000000079e-01
1.337210000000000065e-01
5.076609999999999179e-01
4.802699999999999747e-01
4.528809999999999780e-01
4.254910000000000081e-01
3.981000000000000094e-01
3.707110000000000127e-01
3.433209999999999873e-01
3.159310000000000174e-01
2.885409999999999919e-01
2.611499999999999932e-01
2.337609999999999966e-01
2.063709999999999989e-01
1.789810000000000012e-01
1.515910000000000035e-01
1.242009999999999920e-01
9.681100000000000816e-02
6.942099999999999660e-02
2.027866978844026669e+00
2.002140328695768190e+00
1.977615192269214006e+00
1.954206586420176972e+00
1.931957056403169837e+00
1.910903339142248969e+00
1.891089797392764060e+00
1.872552013788934655e+00
1.855329596030043549e+00
1.839461457797633814e+00
1.824978709554718304e+00
1.811919479454315196e+00
1.800309748202514548e+00
1.790182191916229959e+00
1.781560146634965536e+00
1.781597717936908465e+00
1.774463383127419025e+00
1.768915343555760078e+00
1.768938151426157734e+00
1.817879671992070678e+00
1.810306305077127309e+00
1.803115077206943084e+00
1.796313578129108413e+00
1.789904916670714607e+00
1.783895659471709250e+00
1.786468652543616420e+00
1.778285827456034918e+00
1.773081933748410277e+00
1.775301745248114571e+00
1.770328986649374103e+00
1.763906266433111325e+00
1.759938571033378141e+00
1.761617854516128734e+00
1.756389445129409754e+00
1.757886077185320861e+00
1.753263054685462174e+00
1.750557252754389115e+00
1.751685197337408351e+00
1.748276963402827011e+00
1.746424183985951117e+00
1.747180163523783358e+00
1.745568935448267522e+00
4.469466777482633546e+00
4.433292386939191587e+00
4.228323119207069603e+00
4.194100544101917905e+00
3.987181673685561201e+00
3.746039356435808987e+00
3.476528633161963810e+00
3.263753402462570730e+00
3.237337790530670834e+00
3.022610916325321639e+00
2.781468620627779664e+00
2.758956227367336034e+00
2.519765879590602164e+00
2.299183326391133875e+00
2.041384183831401966e+00
1.802192616682801285e+00
1.575755245607644017e+00
1.563001630958844146e+00
1.334613609646628785e+00
1.323811778036818820e+00
1.093470273333482456e+00
1.084620067795631693e+00
8.523281465228057519e-01
8.454297200187614880e-01
6.062385151291546093e-01
4.716844395595958694e+00
4.706094907290120588e+00
4.750678012735655820e+00
4.497057133655853356e+00
4.739937878217498124e+00
4.486971964641299770e+00
4.530625460239567914e+00
4.269741453646695994e+00
4.312420628909128695e+00
4.063453652397305049e+00
3.850308614795702855e+00
3.842234704308679305e+00
3.882791213505691452e+00
3.632776157355555924e+00
3.672162283166827024e+00
3.433600394906489051e+00
3.664766434574106224e+00
3.426883869129066174e+00
3.465002075672682480e+00
3.231275512508954062e+00
3.458284083785049035e+00
3.225242288237583299e+00
3.261975588797991321e+00
3.034045292987236575e+00
3.028697514181633910e+00
2.842972822918467202e+00
3.058547648074980696e+00
2.871806799797822052e+00
2.655405560329157311e+00
2.686972077490572541e+00
2.484938424469707918e+00
2.682980733734217971e+00
2.481638652238071785e+00
2.511002435213673945e+00
2.321698383967436996e+00
2.507685188537229770e+00
2.319062882863896835e+00
2.345894360106396626e+00
2.172191915768264092e+00
2.343238035241618444e+00
2.170196041124857089e+00
2.194098994943257441e+00
2.039442034702874995e+00
2.192079559185298177e+00
2.038045084719668942e+00
2.058564671521155631e+00
1.926913301457021888e+00
2.057142737306773217e+00
1.926051880290871043e+00
1.942699895792707077e+00
1.837907243785713796e+00
2.946736230828439496e+00
2.946742564259728248e+00
3.136234170861129655e+00
