0.000000010538
0.000000001600
-0.000000001159
0.000000017011
15.814166571490
0.000000000516
-0.000000001556
0.000000015591
0.000000005214
0.000000000574
-0.000000001486
0.000000006366
0.000000002757
-0.000000000369
-0.000000001837
0.000000003179
0.000000000387
-0.000000001132
-0.000000002185
0.000000001393
-0.000000000327
-0.000000001355
-0.000000002398
-0.000000000235
-0.000000002063
-0.000000002415
-0.000000002767
-0.000000000668
-0.000000002315
-0.000000002601
-0.000000002902
0.000000011156
0.000000001303
0.000000005195
0.000000010492
0.000000005219
0.000000000279
0.000000005420
0.000000011148
0.000000005197
0.000000000295
0.000000002725
0.000000005110
0.000000002870
-0.000000000408
0.000000000422
0.000000001302
0.000000000301
-0.000000001343
-0.000000000376
0.000000000298
-0.000000000114
-0.000000001622
-0.000000002006
-0.000000001813
-0.000000001892
-0.000000002321
-0.000000002190
-0.000000002072
-0.000000002052
-0.000000002401
0.000000011134
0.000000000467
0.000000005251
0.000000010565
0.000000005260
0.000000000308
0.000000005802
0.000000010960
0.000000005177
-0.000000000423
0.000000002715
0.000000005120
0.000000002711
-0.000000001438
0.000000000341
0.000000001277
0.000000000300
-0.000000001771
-0.000000000456
0.000000000509
-0.000000000375
-0.000000002810
-0.000000002117
-0.000000001619
-0.000000001682
-0.000000002793
-0.000000002355
-0.000000001850
-0.000000001858
-0.000000001779
0.000000000605
0.000000005142
0.000000010652
-0.000000002107
0.000000000406
0.000000005803
0.000000011052
-0.000000002325
-0.000000000432
0.000000002680
0.000000005189
-0.000000002791
-0.000000001434
0.000000000331
0.000000001290
-0.000000003035
-0.000000001823
-0.000000000317
0.000000000280
-0.000000003495
-0.000000002786
-0.000000001955
-0.000000001427
-0.000000003519
-0.000000002952
-0.000000002168
-0.000000001661
0.000000021001
0.000000001385
-0.000000001573
0.000000005127
0.000000002795
-0.000000000219
-0.000000001983
0.000000010779
0.000000005131
0.000000000303
-0.000000001849
0.000000000400
-0.000000000361
-0.000000001540
-0.000000002528
0.000000002375
0.000000000289
-0.000000001049
-0.000000002429
-0.000000001807
-0.000000002332
-0.000000002600
-0.000000002965
-0.000000000116
-0.000000002123
-0.000000002506
-0.000000002917
0.000000010538
0.000000001533
0.000000004959
0.000000005208
0.000000002811
-0.000000000110
2.571297357692
0.000000024389
11.787183795063
0.000000000516
0.000000001113
0.000000000322
-0.000000000330
-0.000000001457
1.355192676106
0.000000001723
0.000000000539
-0.000000001168
-0.000000001411
-0.000000002121
-0.000000002117
-0.000000002366
-0.000000003228
-0.000000001645
-0.000000001956
-0.000000002256
0.000000010999
-0.000000000431
0.000000002721
0.000000005125
0.000000002716
0.000000000403
0.000000005487
0.000000010890
0.000000005181
-0.000000001797
-0.000000000435
0.000000000311
-0.000000000356
-0.000000000916
0.000000000308
0.000000001434
0.000000000307
-0.000000002968
-0.000000002307
-0.000000001834
-0.000000001872
-0.000000002200
-0.000000002131
-0.000000001642
-0.000000001681
-0.000000002302
-0.000000000445
0.000000002794
0.000000005189
-0.000000002103
0.000000000328
0.000000005067
0.000000011151
-0.000000002906
-0.000000001806
-0.000000000445
0.000000000283
-0.000000002715
-0.000000001432
0.000000000342
0.000000001307
-0.000000003538
-0.000000002892
-0.000000002146
-0.000000001682
-0.000000003251
-0.000000002815
-0.000000002005
-0.000000001446
0.000000010895
0.000000001284
-0.000000001773
0.000000010485
0.000000005119
0.000000000400
-0.000000002003
0.000000014979
0.000000005344
0.000000000290
-0.000000002034
0.000000005142
0.000000002784
-0.000000000159
-0.000000002139
0.000000004586
0.000000000419
-0.000000001381
-0.000000002559
0.000000000544
-0.000000000392
-0.000000001578
-0.000000002575
0.000000011264
0.000000001323
0.000000005133
0.000000010455
0.000000005476
0.000000000283
0.000000005638
0.000000011178
0.000000005238
0.000000000283
0.000000002752
0.000000005139
0.000000002902
-0.000000000350
0.000000000836
0.000000001386
0.000000000326
-0.000000001259
-0.000000000042
0.000000000294
-0.000000000258
-0.000000001473
0.000000011260
0.000000000300
0.000000005115
0.000000010455
0.000000005185
0.000000000310
0.000000005722
0.000000011006
0.000000005265
-0.000000000385
0.000000002694
0.000000005207
0.000000002712
-0.000000001421
0.000000000330
0.000000001306
0.000000000446
-0.000000001374
-0.000000000444
0.000000000391
-0.000000000174
-0.000000002071
0.000000000300
0.000000005167
0.000000010582
-0.000000002098
0.000000000366
0.000000005614
0.000000011061
-0.000000002463
-0.000000000455
0.000000002719
0.000000005181
-0.000000002781
-0.000000001452
0.000000000330
0.000000001443
-0.000000002814
-0.000000001811
-0.000000000363
0.000000000517
0.000000014836
0.000000004314
-0.000000001775
0.000000005323
0.000000002760
-0.000000000423
-0.000000002331
0.929877330438
0.000000006563
0.000000000312
-0.000000002092
0.000000001845
-0.000000000281
-0.000000001793
-0.000000002859
0.888304462358
0.000000001310
-0.000000001415
-0.000000002721
0.000000033257
0.000000001280
0.000000002714
0.000000005118
0.000000002722
-0.000000000381
0.000000017265
0.000000010672
0.000000005227
0.000000000307
-0.000000000395
0.000000000269
-0.000000000328
-0.000000001550
0.000000006805
0.000000001484
0.000000000331
-0.000000001233
0.000000010600
-0.000000000214
0.000000002992
0.000000005112
0.000000002797
1.355192683471
1.468345704079
18.806319293748
0.000000005240
-0.000000001693
-0.000000000432
0.000000000386
-0.000000000123
1.102951614222
0.000000001443
0.000000001273
0.000000000545
-0.000000002292
-0.000000000442
0.000000002737
0.000000005156
-0.000000001954
0.000000000491
0.000000005210
0.000000011182
-0.000000002880
-0.000000001771
-0.000000000337
0.000000000508
-0.000000002266
-0.000000001373
0.000000000294
0.000000001438
0.000000010732
0.000000001275
-0.000000001762
0.000000010486
0.000000005180
0.000000000432
-0.000000001913
0.000000025151
0.000000005425
0.000000000303
-0.000000002025
0.000000005170
0.000000002793
-0.000000000271
-0.000000002125
0.000000011297
0.000000001349
0.000000005075
0.000000010471
0.000000005164
0.000000000319
0.000000005976
0.000000011874
0.000000005268
0.000000000297
0.000000003111
0.000000005132
0.000000002782
-0.000000000328
0.000000011460
0.000000000230
0.000000005114
0.000000010441
0.000000005123
0.000000000293
0.000000005448
0.000000010582
0.000000005183
0.000000000016
0.000000002724
0.000000005146
0.000000002778
-0.000000002242
0.000000000267
0.000000005317
0.000000010516
-0.000000002059
0.000000000292
0.000000005166
0.000000010526
-0.000000002238
-0.000000000439
0.000000002718
0.000000005193
0.000000008998
0.000000001381
-0.000000001904
0.000000005171
0.000000002774
-0.000000000496
-0.000000002495
2.748059123001
0.000000007277
0.000000000467
-0.000000002212
0.000000010945
0.000000001339
0.000000002720
0.000000005120
0.000000002707
-0.000000000442
1.468345702042
0.000000012940
0.000000005306
0.000000000302
0.000000013094
-0.000000000403
0.000000002732
0.000000005242
0.000000002865
0.000000004338
0.000000011685
18.806319293665
0.000000005971
-0.000000002146
-0.000000000364
0.000000002766
0.000000005190
-0.000000001850
0.000000000364
0.000000005172
0.000000010530
0.000000010674
0.000000001278
-0.000000001786
0.000000010506
0.000000005247
0.000000000440
-0.000000001926
0.000000011462
0.000000001469
0.000000005229
0.000000010470
0.000000005151
0.000000000298
0.000000012127
0.000000000778
0.000000005207
0.000000010444
0.000000005136
-0.000000001822
0.000000000489
0.000000005407
0.000000010573
0.000000021399
0.000000002976
-0.000000001315
0.000000012873
0.000000001880
0.000000012860
