25.000000000000
50.000000000000
75.000000000000
25.000000000000
35.355339059327
55.901699437495
79.056941504209
25.000000000000
35.355339059327
55.901699437495
79.056941504209
35.355339059327
43.301270189222
61.237243569579
82.915619758885
50.000000000000
55.901699437495
70.710678118655
90.138781886600
55.901699437495
61.237243569579
75.000000000000
93.541434669349
75.000000000000
79.056941504209
90.138781886600
106.066017177982
79.056941504209
82.915619758885
93.541434669349
108.972473588517
25.000000000000
50.000000000000
35.355339059327
25.000000000000
35.355339059327
55.901699437495
35.355339059327
25.000000000000
35.355339059327
55.901699437495
43.301270189222
35.355339059327
43.301270189222
61.237243569579
55.901699437495
50.000000000000
55.901699437495
70.710678118655
61.237243569579
55.901699437495
61.237243569579
75.000000000000
79.056941504209
75.000000000000
79.056941504209
90.138781886600
82.915619758885
79.056941504209
82.915619758885
93.541434669349
25.000000000000
55.901699437495
35.355339059327
25.000000000000
35.355339059327
55.901699437495
35.355339059327
25.000000000000
35.355339059327
61.237243569579
43.301270189222
35.355339059327
43.301270189222
70.710678118655
55.901699437495
50.000000000000
55.901699437495
75.000000000000
61.237243569579
55.901699437495
61.237243569579
90.138781886600
79.056941504209
75.000000000000
79.056941504209
93.541434669349
82.915619758885
79.056941504209
82.915619758885
79.056941504209
55.901699437495
35.355339059327
25.000000000000
79.056941504209
55.901699437495
35.355339059327
25.000000000000
82.915619758885
61.237243569579
43.301270189222
35.355339059327
90.138781886600
70.710678118655
55.901699437495
50.000000000000
93.541434669349
75.000000000000
61.237243569579
55.901699437495
106.066017177982
90.138781886600
79.056941504209
75.000000000000
108.972473588517
93.541434669349
82.915619758885
79.056941504209
25.000000000000
50.000000000000
75.000000000000
35.355339059327
43.301270189222
61.237243569579
82.915619758885
25.000000000000
35.355339059327
55.901699437495
79.056941504209
55.901699437495
61.237243569579
75.000000000000
93.541434669349
50.000000000000
55.901699437495
70.710678118655
90.138781886600
79.056941504209
82.915619758885
93.541434669349
108.972473588517
75.000000000000
79.056941504209
90.138781886600
106.066017177982
25.000000000000
50.000000000000
43.301270189222
35.355339059327
43.301270189222
61.237243569579
35.355339059327
25.000000000000
35.355339059327
55.901699437495
61.237243569579
55.901699437495
61.237243569579
75.000000000000
55.901699437495
50.000000000000
55.901699437495
70.710678118655
82.915619758885
79.056941504209
82.915619758885
93.541434669349
79.056941504209
75.000000000000
79.056941504209
90.138781886600
25.000000000000
61.237243569579
43.301270189222
35.355339059327
43.301270189222
55.901699437495
35.355339059327
25.000000000000
35.355339059327
75.000000000000
61.237243569579
55.901699437495
61.237243569579
70.710678118655
55.901699437495
50.000000000000
55.901699437495
93.541434669349
82.915619758885
79.056941504209
82.915619758885
90.138781886600
79.056941504209
75.000000000000
79.056941504209
82.915619758885
61.237243569579
43.301270189222
35.355339059327
79.056941504209
55.901699437495
35.355339059327
25.000000000000
93.541434669349
75.000000000000
61.237243569579
55.901699437495
90.138781886600
70.710678118655
55.901699437495
50.000000000000
108.972473588517
93.541434669349
82.915619758885
79.056941504209
106.066017177982
90.138781886600
79.056941504209
75.000000000000
25.000000000000
50.000000000000
75.000000000000
25.000000000000
35.355339059327
55.901699437495
79.056941504209
25.000000000000
35.355339059327
55.901699437495
79.056941504209
35.355339059327
43.301270189222
61.237243569579
82.915619758885
50.000000000000
55.901699437495
70.710678118655
90.138781886600
55.901699437495
61.237243569579
75.000000000000
93.541434669349
25.000000000000
50.000000000000
35.355339059327
25.000000000000
35.355339059327
55.901699437495
35.355339059327
25.000000000000
35.355339059327
55.901699437495
43.301270189222
35.355339059327
43.301270189222
61.237243569579
55.901699437495
50.000000000000
55.901699437495
70.710678118655
61.237243569579
55.901699437495
61.237243569579
75.000000000000
25.000000000000
55.901699437495
35.355339059327
25.000000000000
35.355339059327
55.901699437495
35.355339059327
25.000000000000
35.355339059327
61.237243569579
43.301270189222
35.355339059327
43.301270189222
70.710678118655
55.901699437495
50.000000000000
55.901699437495
75.000000000000
61.237243569579
55.901699437495
61.237243569579
79.056941504209
55.901699437495
35.355339059327
25.000000000000
79.056941504209
55.901699437495
35.355339059327
25.000000000000
82.915619758885
61.237243569579
43.301270189222
35.355339059327
90.138781886600
70.710678118655
55.901699437495
50.000000000000
93.541434669349
75.000000000000
61.237243569579
55.901699437495
25.000000000000
50.000000000000
75.000000000000
35.355339059327
43.301270189222
61.237243569579
82.915619758885
25.000000000000
35.355339059327
55.901699437495
79.056941504209
55.901699437495
61.237243569579
75.000000000000
93.541434669349
50.000000000000
55.901699437495
70.710678118655
90.138781886600
25.000000000000
50.000000000000
43.301270189222
35.355339059327
43.301270189222
61.237243569579
35.355339059327
25.000000000000
35.355339059327
55.901699437495
61.237243569579
55.901699437495
61.237243569579
75.000000000000
55.901699437495
50.000000000000
55.901699437495
70.710678118655
25.000000000000
61.237243569579
43.301270189222
35.355339059327
43.301270189222
55.901699437495
35.355339059327
25.000000000000
35.355339059327
75.000000000000
61.237243569579
55.901699437495
61.237243569579
70.710678118655
55.901699437495
50.000000000000
55.901699437495
82.915619758885
61.237243569579
43.301270189222
35.355339059327
79.056941504209
55.901699437495
35.355339059327
25.000000000000
93.541434669349
75.000000000000
61.237243569579
55.901699437495
90.138781886600
70.710678118655
55.901699437495
50.000000000000
25.000000000000
50.000000000000
75.000000000000
25.000000000000
35.355339059327
55.901699437495
79.056941504209
25.000000000000
35.355339059327
55.901699437495
79.056941504209
35.355339059327
43.301270189222
61.237243569579
82.915619758885
25.000000000000
50.000000000000
35.355339059327
25.000000000000
35.355339059327
55.901699437495
35.355339059327
25.000000000000
35.355339059327
55.901699437495
43.301270189222
35.355339059327
43.301270189222
61.237243569579
25.000000000000
55.901699437495
35.355339059327
25.000000000000
35.355339059327
55.901699437495
35.355339059327
25.000000000000
35.355339059327
61.237243569579
43.301270189222
35.355339059327
43.301270189222
79.056941504209
55.901699437495
35.355339059327
25.000000000000
79.056941504209
55.901699437495
35.355339059327
25.000000000000
82.915619758885
61.237243569579
43.301270189222
35.355339059327
25.000000000000
50.000000000000
75.000000000000
35.355339059327
43.301270189222
61.237243569579
82.915619758885
25.000000000000
35.355339059327
55.901699437495
79.056941504209
25.000000000000
50.000000000000
43.301270189222
35.355339059327
43.301270189222
61.237243569579
35.355339059327
25.000000000000
35.355339059327
55.901699437495
25.000000000000
61.237243569579
43.301270189222
35.355339059327
43.301270189222
55.901699437495
35.355339059327
25.000000000000
35.355339059327
82.915619758885
61.237243569579
43.301270189222
35.355339059327
79.056941504209
55.901699437495
35.355339059327
25.000000000000
25.000000000000
50.000000000000
75.000000000000
25.000000000000
35.355339059327
55.901699437495
79.056941504209
25.000000000000
50.000000000000
35.355339059327
25.000000000000
35.355339059327
55.901699437495
25.000000000000
55.901699437495
35.355339059327
25.000000000000
35.355339059327
79.056941504209
55.901699437495
35.355339059327
25.000000000000
25.000000000000
50.000000000000
75.000000000000
25.000000000000
50.000000000000
25.000000000000
