-0.000000093237
-0.000000105797
-0.000000111214
0.000000713098
-424.264066682419
-0.000000086621
-0.000000101620
0.000000624155
-0.000000040776
-0.000000099325
-0.000000111074
0.000000219615
-0.000000012839
-0.000000057869
-0.000000101595
0.000000261912
-0.000000024673
-0.000000088585
-0.000000106433
0.000000181927
-0.000000026870
-0.000000102778
-0.000000102356
0.000000196283
-0.000000017759
-0.000000087886
-0.000000110155
0.000000182719
-0.000000018132
-0.000000085046
-0.000000108061
0.000000202017
0.000000025268
-0.000000034806
0.000000053652
0.000000061014
0.000000001622
0.000000106563
0.000000202014
0.000000046326
-0.000000022732
-0.000000010355
0.000000008442
0.000000062853
-0.000000031841
0.000000056913
0.000000029804
-0.000000021842
-0.000000050900
0.000000042649
-0.000000029132
-0.000000088006
-0.000000063094
0.000000043869
-0.000000013693
-0.000000066920
-0.000000092382
0.000000050820
-0.000000031640
-0.000000076305
-0.000000096994
0.000000198250
-0.000000062456
-0.000000062595
0.000000082764
0.000000071848
0.000000022264
0.000000168832
0.000000170742
0.000000039367
-0.000000011592
0.000000008408
0.000000033976
0.000000005194
0.000000011105
0.000000038737
0.000000011699
-0.000000024342
0.000000044838
-0.000000012101
-0.000000075670
-0.000000042264
0.000000004704
-0.000000016398
-0.000000063281
-0.000000092860
0.000000041253
-0.000000023513
-0.000000070441
-0.000000096484
-0.000000081028
-0.000000088606
0.000000028481
0.000000107524
-0.000000023541
0.000000053693
0.000000166885
0.000000185945
-0.000000030258
-0.000000016125
-0.000000013787
0.000000050708
-0.000000021212
0.000000016631
0.000000032330
0.000000018412
0.000000020759
-0.000000012806
-0.000000054903
-0.000000008804
-0.000000023068
-0.000000024669
-0.000000057959
-0.000000089470
0.000000019523
-0.000000022679
-0.000000062265
-0.000000092259
0.000000958867
-0.000000033961
-0.000000068700
0.000000008411
-0.000000046043
-0.000000070160
-0.000000085788
0.000000132840
0.000000032395
0.000000011681
-0.000000073185
0.000000048026
-0.000000043198
-0.000000072426
-0.000000086443
0.000000177991
-0.000000012656
-0.000000090457
-0.000000081865
0.000000070344
-0.000000031952
-0.000000077880
-0.000000097445
0.000000192559
-0.000000006554
-0.000000071710
-0.000000096413
-0.000000039147
-0.000000076293
0.000000270524
0.000000059821
-0.000000056172
-0.000000088467
141.421354711723
0.000001111698
-235.702258283084
-0.000000075177
0.000000188966
0.000000031117
-0.000000051739
-0.000000084057
74.535597369889
0.000000125516
-0.000000079451
-0.000000077730
0.000000129929
0.000000009034
-0.000000067821
-0.000000099659
0.000000068095
0.000000062968
-0.000000058020
-0.000000098628
0.000000178014
-0.000000020286
0.000000019915
0.000000015663
-0.000000018048
0.000000047530
0.000000121059
0.000000188026
0.000000044034
-0.000000017501
-0.000000014442
-0.000000028860
-0.000000047314
0.000000116094
0.000000038186
-0.000000062160
-0.000000027340
-0.000000016287
-0.000000037175
-0.000000072570
-0.000000095864
0.000000091252
0.000000003164
-0.000000059783
-0.000000093310
-0.000000040554
0.000000002863
0.000000049557
0.000000051080
-0.000000003327
0.000000029601
0.000000045939
0.000000201721
-0.000000034968
-0.000000014835
-0.000000005439
-0.000000012697
0.000000055752
0.000000023165
-0.000000033244
0.000000028719
-0.000000034730
-0.000000038859
-0.000000065486
-0.000000091202
0.000000047906
-0.000000000883
-0.000000049530
-0.000000087312
0.000000158687
0.000000018830
-0.000000032713
-0.000000035754
-0.000000016668
0.000000044513
-0.000000047677
0.000000560739
0.000000091891
-0.000000007122
-0.000000043312
-0.000000008569
-0.000000042307
-0.000000079480
-0.000000066464
0.000000357725
0.000000058759
-0.000000034365
-0.000000065467
0.000000084612
-0.000000025079
-0.000000065434
-0.000000081313
0.000000220596
0.000000037250
-0.000000000086
-0.000000023549
0.000000107579
-0.000000010977
0.000000142431
0.000000208029
0.000000064261
-0.000000002963
0.000000058762
-0.000000031298
-0.000000074886
-0.000000047186
0.000000119212
0.000000057573
-0.000000029062
-0.000000063554
0.000000089217
-0.000000018109
-0.000000064334
-0.000000081869
0.000000216741
0.000000001514
-0.000000005997
0.000000027892
0.000000046780
0.000000025972
0.000000159464
0.000000180567
0.000000071126
0.000000073270
0.000000011941
-0.000000054174
-0.000000010555
0.000000023140
0.000000035117
-0.000000024996
-0.000000064696
0.000000078549
0.000000003149
-0.000000052230
-0.000000079698
-0.000000025860
-0.000000025756
-0.000000028948
0.000000086699
-0.000000025067
0.000000045591
0.000000141965
0.000000188698
0.000000030601
0.000000003187
-0.000000015651
0.000000047586
-0.000000025783
-0.000000004684
-0.000000031116
-0.000000068253
0.000000032675
-0.000000005044
-0.000000043847
-0.000000077235
0.000000570938
0.000000330467
0.000000009629
0.000000087562
0.000000031486
0.000000001982
-0.000000025655
51.143253029816
0.000000249035
-0.000000007663
-0.000000009574
0.000000209701
0.000000057914
-0.000000011589
-0.000000042345
48.856745590966
0.000000170131
0.000000013106
-0.000000035637
0.000001640916
0.000000026088
0.000000012442
-0.000000010955
-0.000000024413
-0.000000039806
0.000000985639
0.000000168106
-0.000000033852
-0.000000017796
0.000000037454
-0.000000006793
-0.000000050476
-0.000000071316
0.000000529071
0.000000089357
-0.000000027035
-0.000000065224
0.000000037851
0.000000052014
0.000000076996
0.000000002544
-0.000000043102
74.535597794023
80.759013670291
-299.999995071157
-0.000000011678
0.000000032300
0.000000010521
-0.000000053781
-0.000000085588
60.662338994158
0.000000164246
-0.000000024926
-0.000000080057
-0.000000040379
-0.000000005948
0.000000028324
0.000000036545
0.000000081942
0.000000072397
0.000000054151
0.000000207647
-0.000000040741
-0.000000030107
-0.000000049809
-0.000000075597
0.000000080878
0.000000037112
-0.000000016519
-0.000000066698
0.000000122753
0.000000007182
-0.000000035517
-0.000000038703
-0.000000044089
-0.000000060173
-0.000000063079
0.000001208973
0.000000105864
-0.000000012382
-0.000000045338
0.000000034732
-0.000000040211
-0.000000061491
-0.000000069997
0.000000225203
0.000000046590
0.000000047657
-0.000000037520
-0.000000035573
-0.000000031497
0.000000188697
0.000000297003
0.000000068265
-0.000000000528
0.000000105436
-0.000000013214
-0.000000043771
-0.000000051666
0.000000243848
0.000000064815
0.000000013446
0.000000007487
0.000000009479
0.000000013719
0.000000114858
0.000000065622
0.000000014015
0.000000088138
0.000000023398
-0.000000029436
-0.000000044744
0.000000025489
0.000000004759
0.000000081033
0.000000064164
-0.000000037572
0.000000012969
0.000000018552
-0.000000024213
0.000000030965
0.000000007813
-0.000000017291
-0.000000049565
0.000000305707
0.000000126272
0.000000050964
0.000000037752
0.000000067874
0.000000043881
0.000000013909
151.143251625642
0.000000349496
0.000000103208
0.000000030237
0.000000162079
0.000000049530
-0.000000010715
0.000000002562
-0.000000002166
-0.000000015094
80.759013624267
0.000000419309
0.000000082447
0.000000007280
0.000000397156
-0.000000030017
0.000000027378
0.000000069888
0.000000069442
0.000000370387
0.000000610200
-299.999996487293
0.000000189577
-0.000000065732
-0.000000042681
-0.000000039523
-0.000000045009
0.000000057919
0.000000045821
0.000000027638
-0.000000025074
0.000000106554
0.000000005363
-0.000000028842
-0.000000052494
-0.000000064984
-0.000000062539
-0.000000063466
0.000000246495
0.000000072879
0.000000059972
-0.000000037232
-0.000000029495
-0.000000022792
0.000000318537
0.000000096049
0.000000055634
0.000000012508
0.000000020858
0.000000056180
0.000000064302
0.000000102339
0.000000085389
0.000000946725
0.000000222508
0.000000085291
0.000000385829
0.000000129049
0.000000385177
